  0.0000   1.0000 499.0000
  0.1000   1.0407 498.9593
  0.2000   1.0831 498.9169
  0.3000   1.1271 498.8729
  0.4000   1.1730 498.8270
  0.5000   1.2207 498.7793
  0.6000   1.2704 498.7296
  0.7000   1.3221 498.6779
  0.8000   1.3758 498.6242
  0.9000   1.4318 498.5682
  1.0000   1.4900 498.5100
  1.1000   1.5506 498.4494
  1.2000   1.6136 498.3864
  1.3000   1.6792 498.3208
  1.4000   1.7474 498.2526
  1.5000   1.8184 498.1816
  1.6000   1.8922 498.1078
  1.7000   1.9691 498.0309
  1.8000   2.0490 497.9510
  1.9000   2.1322 497.8678
  2.0000   2.2187 497.7813
  2.1000   2.3088 497.6912
  2.2000   2.4024 497.5976
  2.3000   2.4999 497.5001
  2.4000   2.6012 497.3988
  2.5000   2.7067 497.2933
  2.6000   2.8163 497.1837
  2.7000   2.9304 497.0696
  2.8000   3.0491 496.9509
  2.9000   3.1726 496.8274
  3.0000   3.3010 496.6990
  3.1000   3.4345 496.5655
  3.2000   3.5734 496.4266
  3.3000   3.7179 496.2821
  3.4000   3.8682 496.1318
  3.5000   4.0245 495.9755
  3.6000   4.1870 495.8130
  3.7000   4.3560 495.6440
  3.8000   4.5318 495.4682
  3.9000   4.7145 495.2855
  4.0000   4.9046 495.0954
  4.1000   5.1022 494.8978
  4.2000   5.3076 494.6924
  4.3000   5.5212 494.4788
  4.4000   5.7433 494.2567
  4.5000   5.9742 494.0258
  4.6000   6.2143 493.7857
  4.7000   6.4638 493.5362
  4.8000   6.7231 493.2769
  4.9000   6.9927 493.0073
  5.0000   7.2729 492.7271
  5.1000   7.5641 492.4359
  5.2000   7.8667 492.1333
  5.3000   8.1812 491.8188
  5.4000   8.5080 491.4920
  5.5000   8.8475 491.1525
  5.6000   9.2003 490.7997
  5.7000   9.5668 490.4332
  5.8000   9.9475 490.0525
  5.9000  10.3430 489.6570
  6.0000  10.7537 489.2463
  6.1000  11.1803 488.8197
  6.2000  11.6233 488.3767
  6.3000  12.0834 487.9166
  6.4000  12.5610 487.4390
  6.5000  13.0569 486.9431
  6.6000  13.5717 486.4283
  6.7000  14.1060 485.8940
  6.8000  14.6606 485.3394
  6.9000  15.2361 484.7639
  7.0000  15.8333 484.1667
  7.1000  16.4529 483.5471
  7.2000  17.0956 482.9044
  7.3000  17.7624 482.2376
  7.4000  18.4538 481.5462
  7.5000  19.1708 480.8292
  7.6000  19.9142 480.0858
  7.7000  20.6849 479.3151
  7.8000  21.4838 478.5162
  7.9000  22.3116 477.6884
  8.0000  23.1694 476.8306
  8.1000  24.0581 475.9419
  8.2000  24.9787 475.0213
  8.3000  25.9320 474.0680
  8.4000  26.9190 473.0810
  8.5000  27.9409 472.0591
  8.6000  28.9985 471.0015
  8.7000  30.0929 469.9071
  8.8000  31.2252 468.7748
  8.9000  32.3963 467.6037
  9.0000  33.6073 466.3927
  9.1000  34.8593 465.1407
  9.2000  36.1534 463.8466
  9.3000  37.4906 462.5094
  9.4000  38.8719 461.1281
  9.5000  40.2985 459.7015
  9.6000  41.7713 458.2287
  9.7000  43.2915 456.7085
  9.8000  44.8602 455.1398
  9.9000  46.4782 453.5218
 10.0000  48.1467 451.8533
 10.1000  49.8667 450.1333
 10.2000  51.6390 448.3610
 10.3000  53.4648 446.5352
 10.4000  55.3448 444.6552
 10.5000  57.2800 442.7200
 10.6000  59.2713 440.7287
 10.7000  61.3194 438.6806
 10.8000  63.4251 436.5749
 10.9000  65.5891 434.4109
 11.0000  67.8120 432.1880
 11.1000  70.0945 429.9055
 11.2000  72.4371 427.5629
 11.3000  74.8402 425.1598
 11.4000  77.3042 422.6958
 11.5000  79.8294 420.1706
 11.6000  82.4161 417.5839
 11.7000  85.0643 414.9357
 11.8000  87.7740 412.2260
 11.9000  90.5453 409.4547
 12.0000  93.3779 406.6221
 12.1000  96.2715 403.7285
 12.2000  99.2258 400.7742
 12.3000 102.2403 397.7597
 12.4000 105.3142 394.6858
 12.5000 108.4469 391.5531
 12.6000 111.6375 388.3625
 12.7000 114.8850 385.1150
 12.8000 118.1882 381.8118
 12.9000 121.5459 378.4541
 13.0000 124.9567 375.0433
 13.1000 128.4191 371.5809
 13.2000 131.9313 368.0687
 13.3000 135.4918 364.5082
 13.4000 139.0984 360.9016
 13.5000 142.7493 357.2507
 13.6000 146.4422 353.5578
 13.7000 150.1748 349.8252
 13.8000 153.9448 346.0552
 13.9000 157.7497 342.2503
 14.0000 161.5869 338.4131
 14.1000 165.4537 334.5463
 14.2000 169.3473 330.6527
 14.3000 173.2648 326.7352
 14.4000 177.2034 322.7966
 14.5000 181.1599 318.8401
 14.6000 185.1313 314.8687
 14.7000 189.1146 310.8854
 14.8000 193.1066 306.8934
 14.9000 197.1041 302.8959
 15.0000 201.1038 298.8962
 15.1000 205.1027 294.8973
 15.2000 209.0976 290.9024
 15.3000 213.0851 286.9149
 15.4000 217.0623 282.9377
 15.5000 221.0259 278.9741
 15.6000 224.9728 275.0272
 15.7000 228.9001 271.0999
 15.8000 232.8048 267.1952
 15.9000 236.6840 263.3160
 16.0000 240.5348 259.4652
 16.1000 244.3545 255.6455
 16.2000 248.1404 251.8596
 16.3000 251.8901 248.1099
 16.4000 255.6011 244.3989
 16.5000 259.2711 240.7289
 16.6000 262.8978 237.1022
 16.7000 266.4792 233.5208
 16.8000 270.0133 229.9867
 16.9000 273.4982 226.5018
 17.0000 276.9323 223.0677
 17.1000 280.3140 219.6860
 17.2000 283.6418 216.3582
 17.3000 286.9144 213.0856
 17.4000 290.1306 209.8694
 17.5000 293.2893 206.7107
 17.6000 296.3897 203.6103
 17.7000 299.4309 200.5691
 17.8000 302.4122 197.5878
 17.9000 305.3331 194.6669
 18.0000 308.1931 191.8069
 18.1000 310.9918 189.0082
 18.2000 313.7292 186.2708
 18.3000 316.4049 183.5951
 18.4000 319.0192 180.9808
 18.5000 321.5719 178.4281
 18.6000 324.0633 175.9367
 18.7000 326.4936 173.5064
 18.8000 328.8633 171.1367
 18.9000 331.1726 168.8274
 19.0000 333.4222 166.5778
 19.1000 335.6125 164.3875
 19.2000 337.7443 162.2557
 19.3000 339.8181 160.1819
 19.4000 341.8347 158.1653
 19.5000 343.7949 156.2051
 19.6000 345.6996 154.3004
 19.7000 347.5496 152.4504
 19.8000 349.3457 150.6543
 19.9000 351.0890 148.9110
 20.0000 352.7805 147.2195
 20.1000 354.4210 145.5790
 20.2000 356.0116 143.9884
 20.3000 357.5534 142.4466
 20.4000 359.0474 140.9526
 20.5000 360.4946 139.5054
 20.6000 361.8960 138.1040
 20.7000 363.2529 136.7471
 20.8000 364.5661 135.4339
 20.9000 365.8368 134.1632
 21.0000 367.0661 132.9339
 21.1000 368.2549 131.7451
 21.2000 369.4045 130.5955
 21.3000 370.5157 129.4843
 21.4000 371.5897 128.4103
 21.5000 372.6275 127.3725
 21.6000 373.6300 126.3700
 21.7000 374.5983 125.4017
 21.8000 375.5334 124.4666
 21.9000 376.4362 123.5638
 22.0000 377.3078 122.6922
 22.1000 378.1489 121.8511
 22.2000 378.9607 121.0393
 22.3000 379.7439 120.2561
 22.4000 380.4994 119.5006
 22.5000 381.2281 118.7719
 22.6000 381.9309 118.0691
 22.7000 382.6086 117.3914
 22.8000 383.2620 116.7380
 22.9000 383.8919 116.1081
 23.0000 384.4990 115.5010
 23.1000 385.0842 114.9158
 23.2000 385.6480 114.3520
 23.3000 386.1914 113.8086
 23.4000 386.7148 113.2852
 23.5000 387.2191 112.7809
 23.6000 387.7048 112.2952
 23.7000 388.1727 111.8273
 23.8000 388.6233 111.3767
 23.9000 389.0571 110.9429
 24.0000 389.4749 110.5251
 24.1000 389.8772 110.1228
 24.2000 390.2644 109.7356
 24.3000 390.6372 109.3628
 24.4000 390.9961 109.0039
 24.5000 391.3415 108.6585
 24.6000 391.6739 108.3261
 24.7000 391.9939 108.0061
 24.8000 392.3018 107.6982
 24.9000 392.5980 107.4020
 25.0000 392.8831 107.1169
 25.1000 393.1574 106.8426
 25.2000 393.4213 106.5787
 25.3000 393.6751 106.3249
 25.4000 393.9194 106.0806
 25.5000 394.1543 105.8457
 25.6000 394.3803 105.6197
 25.7000 394.5977 105.4023
 25.8000 394.8068 105.1932
 25.9000 395.0078 104.9922
 26.0000 395.2012 104.7988
 26.1000 395.3872 104.6128
 26.2000 395.5661 104.4339
 26.3000 395.7381 104.2619
 26.4000 395.9035 104.0965
 26.5000 396.0625 103.9375
 26.6000 396.2155 103.7845
 26.7000 396.3625 103.6375
 26.8000 396.5039 103.4961
 26.9000 396.6398 103.3602
 27.0000 396.7705 103.2295
 27.1000 396.8962 103.1038
 27.2000 397.0170 102.9830
 27.3000 397.1331 102.8669
 27.4000 397.2447 102.7553
 27.5000 397.3521 102.6479
 27.6000 397.4552 102.5448
 27.7000 397.5544 102.4456
 27.8000 397.6497 102.3503
 27.9000 397.7414 102.2586
 28.0000 397.8294 102.1706
 28.1000 397.9141 102.0859
 28.2000 397.9955 102.0045
 28.3000 398.0737 101.9263
 28.4000 398.1489 101.8511
 28.5000 398.2211 101.7789
 28.6000 398.2906 101.7094
 28.7000 398.3573 101.6427
 28.8000 398.4215 101.5785
 28.9000 398.4832 101.5168
 29.0000 398.5424 101.4576
 29.1000 398.5994 101.4006
 29.2000 398.6541 101.3459
 29.3000 398.7067 101.2933
 29.4000 398.7573 101.2427
 29.5000 398.8058 101.1942
 29.6000 398.8525 101.1475
 29.7000 398.8974 101.1026
 29.8000 398.9405 101.0595
 29.9000 398.9820 101.0180
 30.0000 399.0218 100.9782
 30.1000 399.0600 100.9400
 30.2000 399.0968 100.9032
 30.3000 399.1322 100.8678
 30.4000 399.1661 100.8339
 30.5000 399.1987 100.8013
 30.6000 399.2301 100.7699
 30.7000 399.2602 100.7398
 30.8000 399.2892 100.7108
 30.9000 399.3170 100.6830
 31.0000 399.3438 100.6562
 31.1000 399.3694 100.6306
 31.2000 399.3941 100.6059
 31.3000 399.4179 100.5821
 31.4000 399.4406 100.5594
 31.5000 399.4625 100.5375
 31.6000 399.4836 100.5164
 31.7000 399.5038 100.4962
 31.8000 399.5233 100.4767
 31.9000 399.5419 100.4581
 32.0000 399.5599 100.4401
 32.1000 399.5771 100.4229
 32.2000 399.5937 100.4063
 32.3000 399.6096 100.3904
 32.4000 399.6249 100.3751
 32.5000 399.6396 100.3604
 32.6000 399.6537 100.3463
 32.7000 399.6673 100.3327
 32.8000 399.6803 100.3197
 32.9000 399.6928 100.3072
 33.0000 399.7049 100.2951
 33.1000 399.7164 100.2836
 33.2000 399.7275 100.2725
 33.3000 399.7382 100.2618
 33.4000 399.7485 100.2515
 33.5000 399.7583 100.2417
 33.6000 399.7678 100.2322
 33.7000 399.7769 100.2231
 33.8000 399.7856 100.2144
 33.9000 399.7940 100.2060
 34.0000 399.8021 100.1979
 34.1000 399.8099 100.1901
 34.2000 399.8173 100.1827
 34.3000 399.8245 100.1755
 34.4000 399.8314 100.1686
 34.5000 399.8380 100.1620
 34.6000 399.8443 100.1557
 34.7000 399.8504 100.1496
 34.8000 399.8563 100.1437
 34.9000 399.8619 100.1381
 35.0000 399.8673 100.1327
 35.1000 399.8725 100.1275
 35.2000 399.8775 100.1225
 35.3000 399.8823 100.1177
 35.4000 399.8869 100.1131
 35.5000 399.8914 100.1086
 35.6000 399.8956 100.1044
 35.7000 399.8997 100.1003
 35.8000 399.9037 100.0963
 35.9000 399.9074 100.0926
 36.0000 399.9111 100.0889
 36.1000 399.9145 100.0855
 36.2000 399.9179 100.0821
 36.3000 399.9211 100.0789
 36.4000 399.9242 100.0758
 36.5000 399.9272 100.0728
 36.6000 399.9300 100.0700
 36.7000 399.9328 100.0672
 36.8000 399.9354 100.0646
 36.9000 399.9379 100.0621
 37.0000 399.9404 100.0596
 37.1000 399.9427 100.0573
 37.2000 399.9450 100.0550
 37.3000 399.9471 100.0529
 37.4000 399.9492 100.0508
 37.5000 399.9512 100.0488
 37.6000 399.9531 100.0469
 37.7000 399.9549 100.0451
 37.8000 399.9567 100.0433
 37.9000 399.9584 100.0416
 38.0000 399.9600 100.0400
 38.1000 399.9616 100.0384
 38.2000 399.9631 100.0369
 38.3000 399.9646 100.0354
 38.4000 399.9659 100.0341
 38.5000 399.9673 100.0327
 38.6000 399.9686 100.0314
 38.7000 399.9698 100.0302
 38.8000 399.9710 100.0290
 38.9000 399.9721 100.0279
 39.0000 399.9732 100.0268
 39.1000 399.9743 100.0257
 39.2000 399.9753 100.0247
 39.3000 399.9762 100.0238
 39.4000 399.9772 100.0228
 39.5000 399.9781 100.0219
 39.6000 399.9789 100.0211
 39.7000 399.9798 100.0202
 39.8000 399.9805 100.0195
 39.9000 399.9813 100.0187
 40.0000 399.9820 100.0180
 40.1000 399.9827 100.0173
 40.2000 399.9834 100.0166
 40.3000 399.9841 100.0159
 40.4000 399.9847 100.0153
 40.5000 399.9853 100.0147
 40.6000 399.9859 100.0141
 40.7000 399.9864 100.0136
 40.8000 399.9870 100.0130
 40.9000 399.9875 100.0125
 41.0000 399.9880 100.0120
 41.1000 399.9884 100.0116
 41.2000 399.9889 100.0111
 41.3000 399.9893 100.0107
 41.4000 399.9897 100.0103
 41.5000 399.9901 100.0099
 41.6000 399.9905 100.0095
 41.7000 399.9909 100.0091
 41.8000 399.9913 100.0087
 41.9000 399.9916 100.0084
 42.0000 399.9919 100.0081
 42.1000 399.9922 100.0078
 42.2000 399.9926 100.0074
 42.3000 399.9928 100.0072
 42.4000 399.9931 100.0069
 42.5000 399.9934 100.0066
 42.6000 399.9937 100.0063
 42.7000 399.9939 100.0061
 42.8000 399.9941 100.0059
 42.9000 399.9944 100.0056
 43.0000 399.9946 100.0054
 43.1000 399.9948 100.0052
 43.2000 399.9950 100.0050
 43.3000 399.9952 100.0048
 43.4000 399.9954 100.0046
 43.5000 399.9956 100.0044
 43.6000 399.9957 100.0043
 43.7000 399.9959 100.0041
 43.8000 399.9961 100.0039
 43.9000 399.9962 100.0038
 44.0000 399.9964 100.0036
 44.1000 399.9965 100.0035
 44.2000 399.9967 100.0033
 44.3000 399.9968 100.0032
 44.4000 399.9969 100.0031
 44.5000 399.9970 100.0030
 44.6000 399.9971 100.0029
 44.7000 399.9973 100.0027
 44.8000 399.9974 100.0026
 44.9000 399.9975 100.0025
 45.0000 399.9976 100.0024
 45.1000 399.9977 100.0023
 45.2000 399.9978 100.0022
 45.3000 399.9978 100.0022
 45.4000 399.9979 100.0021
 45.5000 399.9980 100.0020
 45.6000 399.9981 100.0019
 45.7000 399.9982 100.0018
 45.8000 399.9982 100.0018
 45.9000 399.9983 100.0017
 46.0000 399.9984 100.0016
 46.1000 399.9984 100.0016
 46.2000 399.9985 100.0015
 46.3000 399.9986 100.0014
 46.4000 399.9986 100.0014
 46.5000 399.9987 100.0013
 46.6000 399.9987 100.0013
 46.7000 399.9988 100.0012
 46.8000 399.9988 100.0012
 46.9000 399.9989 100.0011
 47.0000 399.9989 100.0011
 47.1000 399.9990 100.0010
 47.2000 399.9990 100.0010
 47.3000 399.9990 100.0010
 47.4000 399.9991 100.0009
 47.5000 399.9991 100.0009
 47.6000 399.9991 100.0009
 47.7000 399.9992 100.0008
 47.8000 399.9992 100.0008
 47.9000 399.9992 100.0008
 48.0000 399.9993 100.0007
 48.1000 399.9993 100.0007
 48.2000 399.9993 100.0007
 48.3000 399.9994 100.0006
 48.4000 399.9994 100.0006
 48.5000 399.9994 100.0006
 48.6000 399.9994 100.0006
 48.7000 399.9994 100.0006
 48.8000 399.9995 100.0005
 48.9000 399.9995 100.0005
 49.0000 399.9995 100.0005
 49.1000 399.9995 100.0005
 49.2000 399.9995 100.0005
 49.3000 399.9996 100.0004
 49.4000 399.9996 100.0004
 49.5000 399.9996 100.0004
 49.6000 399.9996 100.0004
 49.7000 399.9996 100.0004
 49.8000 399.9996 100.0004
 49.9000 399.9997 100.0003
 50.0000 399.9997 100.0003
 50.1000 399.9997 100.0003
 50.2000 399.9997 100.0003
 50.3000 399.9997 100.0003
 50.4000 399.9997 100.0003
 50.5000 399.9997 100.0003
 50.6000 399.9997 100.0003
 50.7000 399.9998 100.0002
 50.8000 399.9998 100.0002
 50.9000 399.9998 100.0002
 51.0000 399.9998 100.0002
 51.1000 399.9998 100.0002
 51.2000 399.9998 100.0002
 51.3000 399.9998 100.0002
 51.4000 399.9998 100.0002
 51.5000 399.9998 100.0002
 51.6000 399.9998 100.0002
 51.7000 399.9998 100.0002
 51.8000 399.9998 100.0002
 51.9000 399.9998 100.0002
 52.0000 399.9999 100.0001
 52.1000 399.9999 100.0001
 52.2000 399.9999 100.0001
 52.3000 399.9999 100.0001
 52.4000 399.9999 100.0001
 52.5000 399.9999 100.0001
 52.6000 399.9999 100.0001
 52.7000 399.9999 100.0001
 52.8000 399.9999 100.0001
 52.9000 399.9999 100.0001
 53.0000 399.9999 100.0001
 53.1000 399.9999 100.0001
 53.2000 399.9999 100.0001
 53.3000 399.9999 100.0001
 53.4000 399.9999 100.0001
 53.5000 399.9999 100.0001
 53.6000 399.9999 100.0001
 53.7000 399.9999 100.0001
 53.8000 399.9999 100.0001
 53.9000 399.9999 100.0001
 54.0000 399.9999 100.0001
 54.1000 399.9999 100.0001
 54.2000 399.9999 100.0001
 54.3000 399.9999 100.0001
 54.4000 399.9999 100.0001
 54.5000 399.9999 100.0001
 54.6000 399.9999 100.0001
 54.7000 399.9999 100.0001
 54.8000 400.0000 100.0000
 54.9000 400.0000 100.0000
 55.0000 400.0000 100.0000
 55.1000 400.0000 100.0000
 55.2000 400.0000 100.0000
 55.3000 400.0000 100.0000
 55.4000 400.0000 100.0000
 55.5000 400.0000 100.0000
 55.6000 400.0000 100.0000
 55.7000 400.0000 100.0000
 55.8000 400.0000 100.0000
 55.9000 400.0000 100.0000
 56.0000 400.0000 100.0000
 56.1000 400.0000 100.0000
 56.2000 400.0000 100.0000
 56.3000 400.0000 100.0000
 56.4000 400.0000 100.0000
 56.5000 400.0000 100.0000
 56.6000 400.0000 100.0000
 56.7000 400.0000 100.0000
 56.8000 400.0000 100.0000
 56.9000 400.0000 100.0000
 57.0000 400.0000 100.0000
 57.1000 400.0000 100.0000
 57.2000 400.0000 100.0000
 57.3000 400.0000 100.0000
 57.4000 400.0000 100.0000
 57.5000 400.0000 100.0000
 57.6000 400.0000 100.0000
 57.7000 400.0000 100.0000
 57.8000 400.0000 100.0000
 57.9000 400.0000 100.0000
 58.0000 400.0000 100.0000
 58.1000 400.0000 100.0000
 58.2000 400.0000 100.0000
 58.3000 400.0000 100.0000
 58.4000 400.0000 100.0000
 58.5000 400.0000 100.0000
 58.6000 400.0000 100.0000
 58.7000 400.0000 100.0000
 58.8000 400.0000 100.0000
 58.9000 400.0000 100.0000
 59.0000 400.0000 100.0000
 59.1000 400.0000 100.0000
 59.2000 400.0000 100.0000
 59.3000 400.0000 100.0000
 59.4000 400.0000 100.0000
 59.5000 400.0000 100.0000
 59.6000 400.0000 100.0000
 59.7000 400.0000 100.0000
 59.8000 400.0000 100.0000
 59.9000 400.0000 100.0000
 60.0000 400.0000 100.0000
 60.1000 400.0000 100.0000
 60.2000 400.0000 100.0000
 60.3000 400.0000 100.0000
 60.4000 400.0000 100.0000
 60.5000 400.0000 100.0000
 60.6000 400.0000 100.0000
 60.7000 400.0000 100.0000
 60.8000 400.0000 100.0000
 60.9000 400.0000 100.0000
 61.0000 400.0000 100.0000
 61.1000 400.0000 100.0000
 61.2000 400.0000 100.0000
 61.3000 400.0000 100.0000
 61.4000 400.0000 100.0000
 61.5000 400.0000 100.0000
 61.6000 400.0000 100.0000
 61.7000 400.0000 100.0000
 61.8000 400.0000 100.0000
 61.9000 400.0000 100.0000
 62.0000 400.0000 100.0000
 62.1000 400.0000 100.0000
 62.2000 400.0000 100.0000
 62.3000 400.0000 100.0000
 62.4000 400.0000 100.0000
 62.5000 400.0000 100.0000
 62.6000 400.0000 100.0000
 62.7000 400.0000 100.0000
 62.8000 400.0000 100.0000
 62.9000 400.0000 100.0000
 63.0000 400.0000 100.0000
 63.1000 400.0000 100.0000
 63.2000 400.0000 100.0000
 63.3000 400.0000 100.0000
 63.4000 400.0000 100.0000
 63.5000 400.0000 100.0000
 63.6000 400.0000 100.0000
 63.7000 400.0000 100.0000
 63.8000 400.0000 100.0000
 63.9000 400.0000 100.0000
 64.0000 400.0000 100.0000
 64.1000 400.0000 100.0000
 64.2000 400.0000 100.0000
 64.3000 400.0000 100.0000
 64.4000 400.0000 100.0000
 64.5000 400.0000 100.0000
 64.6000 400.0000 100.0000
 64.7000 400.0000 100.0000
 64.8000 400.0000 100.0000
 64.9000 400.0000 100.0000
 65.0000 400.0000 100.0000
 65.1000 400.0000 100.0000
 65.2000 400.0000 100.0000
 65.3000 400.0000 100.0000
 65.4000 400.0000 100.0000
 65.5000 400.0000 100.0000
 65.6000 400.0000 100.0000
 65.7000 400.0000 100.0000
 65.8000 400.0000 100.0000
 65.9000 400.0000 100.0000
 66.0000 400.0000 100.0000
 66.1000 400.0000 100.0000
 66.2000 400.0000 100.0000
 66.3000 400.0000 100.0000
 66.4000 400.0000 100.0000
 66.5000 400.0000 100.0000
 66.6000 400.0000 100.0000
 66.7000 400.0000 100.0000
 66.8000 400.0000 100.0000
 66.9000 400.0000 100.0000
 67.0000 400.0000 100.0000
 67.1000 400.0000 100.0000
 67.2000 400.0000 100.0000
 67.3000 400.0000 100.0000
 67.4000 400.0000 100.0000
 67.5000 400.0000 100.0000
 67.6000 400.0000 100.0000
 67.7000 400.0000 100.0000
 67.8000 400.0000 100.0000
 67.9000 400.0000 100.0000
 68.0000 400.0000 100.0000
 68.1000 400.0000 100.0000
 68.2000 400.0000 100.0000
 68.3000 400.0000 100.0000
 68.4000 400.0000 100.0000
 68.5000 400.0000 100.0000
 68.6000 400.0000 100.0000
 68.7000 400.0000 100.0000
 68.8000 400.0000 100.0000
 68.9000 400.0000 100.0000
 69.0000 400.0000 100.0000
 69.1000 400.0000 100.0000
 69.2000 400.0000 100.0000
 69.3000 400.0000 100.0000
 69.4000 400.0000 100.0000
 69.5000 400.0000 100.0000
 69.6000 400.0000 100.0000
 69.7000 400.0000 100.0000
 69.8000 400.0000 100.0000
 69.9000 400.0000 100.0000
 70.0000 400.0000 100.0000
 70.1000 400.0000 100.0000
 70.2000 400.0000 100.0000
 70.3000 400.0000 100.0000
 70.4000 400.0000 100.0000
 70.5000 400.0000 100.0000
 70.6000 400.0000 100.0000
 70.7000 400.0000 100.0000
 70.8000 400.0000 100.0000
 70.9000 400.0000 100.0000
 71.0000 400.0000 100.0000
 71.1000 400.0000 100.0000
 71.2000 400.0000 100.0000
 71.3000 400.0000 100.0000
 71.4000 400.0000 100.0000
 71.5000 400.0000 100.0000
 71.6000 400.0000 100.0000
 71.7000 400.0000 100.0000
 71.8000 400.0000 100.0000
 71.9000 400.0000 100.0000
 72.0000 400.0000 100.0000
 72.1000 400.0000 100.0000
 72.2000 400.0000 100.0000
 72.3000 400.0000 100.0000
 72.4000 400.0000 100.0000
 72.5000 400.0000 100.0000
 72.6000 400.0000 100.0000
 72.7000 400.0000 100.0000
 72.8000 400.0000 100.0000
 72.9000 400.0000 100.0000
 73.0000 400.0000 100.0000
 73.1000 400.0000 100.0000
 73.2000 400.0000 100.0000
 73.3000 400.0000 100.0000
 73.4000 400.0000 100.0000
 73.5000 400.0000 100.0000
 73.6000 400.0000 100.0000
 73.7000 400.0000 100.0000
 73.8000 400.0000 100.0000
 73.9000 400.0000 100.0000
 74.0000 400.0000 100.0000
 74.1000 400.0000 100.0000
 74.2000 400.0000 100.0000
 74.3000 400.0000 100.0000
 74.4000 400.0000 100.0000
 74.5000 400.0000 100.0000
 74.6000 400.0000 100.0000
 74.7000 400.0000 100.0000
 74.8000 400.0000 100.0000
 74.9000 400.0000 100.0000
 75.0000 400.0000 100.0000
 75.1000 400.0000 100.0000
 75.2000 400.0000 100.0000
 75.3000 400.0000 100.0000
 75.4000 400.0000 100.0000
 75.5000 400.0000 100.0000
 75.6000 400.0000 100.0000
 75.7000 400.0000 100.0000
 75.8000 400.0000 100.0000
 75.9000 400.0000 100.0000
 76.0000 400.0000 100.0000
 76.1000 400.0000 100.0000
 76.2000 400.0000 100.0000
 76.3000 400.0000 100.0000
 76.4000 400.0000 100.0000
 76.5000 400.0000 100.0000
 76.6000 400.0000 100.0000
 76.7000 400.0000 100.0000
 76.8000 400.0000 100.0000
 76.9000 400.0000 100.0000
 77.0000 400.0000 100.0000
 77.1000 400.0000 100.0000
 77.2000 400.0000 100.0000
 77.3000 400.0000 100.0000
 77.4000 400.0000 100.0000
 77.5000 400.0000 100.0000
 77.6000 400.0000 100.0000
 77.7000 400.0000 100.0000
 77.8000 400.0000 100.0000
 77.9000 400.0000 100.0000
 78.0000 400.0000 100.0000
 78.1000 400.0000 100.0000
 78.2000 400.0000 100.0000
 78.3000 400.0000 100.0000
 78.4000 400.0000 100.0000
 78.5000 400.0000 100.0000
 78.6000 400.0000 100.0000
 78.7000 400.0000 100.0000
 78.8000 400.0000 100.0000
 78.9000 400.0000 100.0000
 79.0000 400.0000 100.0000
 79.1000 400.0000 100.0000
 79.2000 400.0000 100.0000
 79.3000 400.0000 100.0000
 79.4000 400.0000 100.0000
 79.5000 400.0000 100.0000
 79.6000 400.0000 100.0000
 79.7000 400.0000 100.0000
 79.8000 400.0000 100.0000
 79.9000 400.0000 100.0000
 80.0000 400.0000 100.0000
 80.1000 400.0000 100.0000
 80.2000 400.0000 100.0000
 80.3000 400.0000 100.0000
 80.4000 400.0000 100.0000
 80.5000 400.0000 100.0000
 80.6000 400.0000 100.0000
 80.7000 400.0000 100.0000
 80.8000 400.0000 100.0000
 80.9000 400.0000 100.0000
 81.0000 400.0000 100.0000
 81.1000 400.0000 100.0000
 81.2000 400.0000 100.0000
 81.3000 400.0000 100.0000
 81.4000 400.0000 100.0000
 81.5000 400.0000 100.0000
 81.6000 400.0000 100.0000
 81.7000 400.0000 100.0000
 81.8000 400.0000 100.0000
 81.9000 400.0000 100.0000
 82.0000 400.0000 100.0000
 82.1000 400.0000 100.0000
 82.2000 400.0000 100.0000
 82.3000 400.0000 100.0000
 82.4000 400.0000 100.0000
 82.5000 400.0000 100.0000
 82.6000 400.0000 100.0000
 82.7000 400.0000 100.0000
 82.8000 400.0000 100.0000
 82.9000 400.0000 100.0000
 83.0000 400.0000 100.0000
 83.1000 400.0000 100.0000
 83.2000 400.0000 100.0000
 83.3000 400.0000 100.0000
 83.4000 400.0000 100.0000
 83.5000 400.0000 100.0000
 83.6000 400.0000 100.0000
 83.7000 400.0000 100.0000
 83.8000 400.0000 100.0000
 83.9000 400.0000 100.0000
 84.0000 400.0000 100.0000
 84.1000 400.0000 100.0000
 84.2000 400.0000 100.0000
 84.3000 400.0000 100.0000
 84.4000 400.0000 100.0000
 84.5000 400.0000 100.0000
 84.6000 400.0000 100.0000
 84.7000 400.0000 100.0000
 84.8000 400.0000 100.0000
 84.9000 400.0000 100.0000
 85.0000 400.0000 100.0000
 85.1000 400.0000 100.0000
 85.2000 400.0000 100.0000
 85.3000 400.0000 100.0000
 85.4000 400.0000 100.0000
 85.5000 400.0000 100.0000
 85.6000 400.0000 100.0000
 85.7000 400.0000 100.0000
 85.8000 400.0000 100.0000
 85.9000 400.0000 100.0000
 86.0000 400.0000 100.0000
 86.1000 400.0000 100.0000
 86.2000 400.0000 100.0000
 86.3000 400.0000 100.0000
 86.4000 400.0000 100.0000
 86.5000 400.0000 100.0000
 86.6000 400.0000 100.0000
 86.7000 400.0000 100.0000
 86.8000 400.0000 100.0000
 86.9000 400.0000 100.0000
 87.0000 400.0000 100.0000
 87.1000 400.0000 100.0000
 87.2000 400.0000 100.0000
 87.3000 400.0000 100.0000
 87.4000 400.0000 100.0000
 87.5000 400.0000 100.0000
 87.6000 400.0000 100.0000
 87.7000 400.0000 100.0000
 87.8000 400.0000 100.0000
 87.9000 400.0000 100.0000
 88.0000 400.0000 100.0000
 88.1000 400.0000 100.0000
 88.2000 400.0000 100.0000
 88.3000 400.0000 100.0000
 88.4000 400.0000 100.0000
 88.5000 400.0000 100.0000
 88.6000 400.0000 100.0000
 88.7000 400.0000 100.0000
 88.8000 400.0000 100.0000
 88.9000 400.0000 100.0000
 89.0000 400.0000 100.0000
 89.1000 400.0000 100.0000
 89.2000 400.0000 100.0000
 89.3000 400.0000 100.0000
 89.4000 400.0000 100.0000
 89.5000 400.0000 100.0000
 89.6000 400.0000 100.0000
 89.7000 400.0000 100.0000
 89.8000 400.0000 100.0000
 89.9000 400.0000 100.0000
 90.0000 400.0000 100.0000
 90.1000 400.0000 100.0000
 90.2000 400.0000 100.0000
 90.3000 400.0000 100.0000
 90.4000 400.0000 100.0000
 90.5000 400.0000 100.0000
 90.6000 400.0000 100.0000
 90.7000 400.0000 100.0000
 90.8000 400.0000 100.0000
 90.9000 400.0000 100.0000
 91.0000 400.0000 100.0000
 91.1000 400.0000 100.0000
 91.2000 400.0000 100.0000
 91.3000 400.0000 100.0000
 91.4000 400.0000 100.0000
 91.5000 400.0000 100.0000
 91.6000 400.0000 100.0000
 91.7000 400.0000 100.0000
 91.8000 400.0000 100.0000
 91.9000 400.0000 100.0000
 92.0000 400.0000 100.0000
 92.1000 400.0000 100.0000
 92.2000 400.0000 100.0000
 92.3000 400.0000 100.0000
 92.4000 400.0000 100.0000
 92.5000 400.0000 100.0000
 92.6000 400.0000 100.0000
 92.7000 400.0000 100.0000
 92.8000 400.0000 100.0000
 92.9000 400.0000 100.0000
 93.0000 400.0000 100.0000
 93.1000 400.0000 100.0000
 93.2000 400.0000 100.0000
 93.3000 400.0000 100.0000
 93.4000 400.0000 100.0000
 93.5000 400.0000 100.0000
 93.6000 400.0000 100.0000
 93.7000 400.0000 100.0000
 93.8000 400.0000 100.0000
 93.9000 400.0000 100.0000
 94.0000 400.0000 100.0000
 94.1000 400.0000 100.0000
 94.2000 400.0000 100.0000
 94.3000 400.0000 100.0000
 94.4000 400.0000 100.0000
 94.5000 400.0000 100.0000
 94.6000 400.0000 100.0000
 94.7000 400.0000 100.0000
 94.8000 400.0000 100.0000
 94.9000 400.0000 100.0000
 95.0000 400.0000 100.0000
 95.1000 400.0000 100.0000
 95.2000 400.0000 100.0000
 95.3000 400.0000 100.0000
 95.4000 400.0000 100.0000
 95.5000 400.0000 100.0000
 95.6000 400.0000 100.0000
 95.7000 400.0000 100.0000
 95.8000 400.0000 100.0000
 95.9000 400.0000 100.0000
 96.0000 400.0000 100.0000
 96.1000 400.0000 100.0000
 96.2000 400.0000 100.0000
 96.3000 400.0000 100.0000
 96.4000 400.0000 100.0000
 96.5000 400.0000 100.0000
 96.6000 400.0000 100.0000
 96.7000 400.0000 100.0000
 96.8000 400.0000 100.0000
 96.9000 400.0000 100.0000
 97.0000 400.0000 100.0000
 97.1000 400.0000 100.0000
 97.2000 400.0000 100.0000
 97.3000 400.0000 100.0000
 97.4000 400.0000 100.0000
 97.5000 400.0000 100.0000
 97.6000 400.0000 100.0000
 97.7000 400.0000 100.0000
 97.8000 400.0000 100.0000
 97.9000 400.0000 100.0000
 98.0000 400.0000 100.0000
 98.1000 400.0000 100.0000
 98.2000 400.0000 100.0000
 98.3000 400.0000 100.0000
 98.4000 400.0000 100.0000
 98.5000 400.0000 100.0000
 98.6000 400.0000 100.0000
 98.7000 400.0000 100.0000
 98.8000 400.0000 100.0000
 98.9000 400.0000 100.0000
 99.0000 400.0000 100.0000
 99.1000 400.0000 100.0000
 99.2000 400.0000 100.0000
 99.3000 400.0000 100.0000
 99.4000 400.0000 100.0000
 99.5000 400.0000 100.0000
 99.6000 400.0000 100.0000
 99.7000 400.0000 100.0000
 99.8000 400.0000 100.0000
 99.9000 400.0000 100.0000
100.0000 400.0000 100.0000
