  0.0000   1.0000 499.0000
  0.1000   1.0399 498.9601
  0.2000   1.0814 498.9186
  0.3000   1.1245 498.8755
  0.4000   1.1694 498.8306
  0.5000   1.2160 498.7840
  0.6000   1.2645 498.7355
  0.7000   1.3149 498.6851
  0.8000   1.3674 498.6326
  0.9000   1.4219 498.5781
  1.0000   1.4785 498.5215
  1.1000   1.5375 498.4625
  1.2000   1.5987 498.4013
  1.3000   1.6624 498.3376
  1.4000   1.7286 498.2714
  1.5000   1.7975 498.2025
  1.6000   1.8691 498.1309
  1.7000   1.9435 498.0565
  1.8000   2.0208 497.9792
  1.9000   2.1013 497.8987
  2.0000   2.1849 497.8151
  2.1000   2.2718 497.7282
  2.2000   2.3621 497.6379
  2.3000   2.4561 497.5439
  2.4000   2.5537 497.4463
  2.5000   2.6552 497.3448
  2.6000   2.7607 497.2393
  2.7000   2.8704 497.1296
  2.8000   2.9844 497.0156
  2.9000   3.1028 496.8972
  3.0000   3.2260 496.7740
  3.1000   3.3540 496.6460
  3.2000   3.4870 496.5130
  3.3000   3.6253 496.3747
  3.4000   3.7690 496.2310
  3.5000   3.9183 496.0817
  3.6000   4.0735 495.9265
  3.7000   4.2348 495.7652
  3.8000   4.4024 495.5976
  3.9000   4.5766 495.4234
  4.0000   4.7575 495.2425
  4.1000   4.9456 495.0544
  4.2000   5.1410 494.8590
  4.3000   5.3439 494.6561
  4.4000   5.5549 494.4451
  4.5000   5.7740 494.2260
  4.6000   6.0016 493.9984
  4.7000   6.2380 493.7620
  4.8000   6.4837 493.5163
  4.9000   6.7388 493.2612
  5.0000   7.0038 492.9962
  5.1000   7.2791 492.7209
  5.2000   7.5649 492.4351
  5.3000   7.8618 492.1382
  5.4000   8.1701 491.8299
  5.5000   8.4902 491.5098
  5.6000   8.8226 491.1774
  5.7000   9.1678 490.8322
  5.8000   9.5261 490.4739
  5.9000   9.8980 490.1020
  6.0000  10.2842 489.7158
  6.1000  10.6850 489.3150
  6.2000  11.1009 488.8991
  6.3000  11.5326 488.4674
  6.4000  11.9807 488.0193
  6.5000  12.4455 487.5545
  6.6000  12.9279 487.0721
  6.7000  13.4283 486.5717
  6.8000  13.9474 486.0526
  6.9000  14.4858 485.5142
  7.0000  15.0442 484.9558
  7.1000  15.6234 484.3766
  7.2000  16.2239 483.7761
  7.3000  16.8465 483.1535
  7.4000  17.4920 482.5080
  7.5000  18.1611 481.8389
  7.6000  18.8546 481.1454
  7.7000  19.5732 480.4268
  7.8000  20.3178 479.6822
  7.9000  21.0893 478.9107
  8.0000  21.8883 478.1117
  8.1000  22.7160 477.2840
  8.2000  23.5730 476.4270
  8.3000  24.4604 475.5396
  8.4000  25.3789 474.6211
  8.5000  26.3297 473.6703
  8.6000  27.3136 472.6864
  8.7000  28.3315 471.6685
  8.8000  29.3845 470.6155
  8.9000  30.4735 469.5265
  9.0000  31.5996 468.4004
  9.1000  32.7637 467.2363
  9.2000  33.9669 466.0331
  9.3000  35.2102 464.7898
  9.4000  36.4947 463.5053
  9.5000  37.8213 462.1787
  9.6000  39.1911 460.8089
  9.7000  40.6051 459.3949
  9.8000  42.0645 457.9355
  9.9000  43.5701 456.4299
 10.0000  45.1231 454.8769
 10.1000  46.7244 453.2756
 10.2000  48.3750 451.6250
 10.3000  50.0760 449.9240
 10.4000  51.8283 448.1717
 10.5000  53.6328 446.3672
 10.6000  55.4905 444.5095
 10.7000  57.4022 442.5978
 10.8000  59.3688 440.6312
 10.9000  61.3910 438.6090
 11.0000  63.4698 436.5302
 11.1000  65.6057 434.3943
 11.2000  67.7996 432.2004
 11.3000  70.0519 429.9481
 11.4000  72.3632 427.6368
 11.5000  74.7341 425.2659
 11.6000  77.1650 422.8350
 11.7000  79.6561 420.3439
 11.8000  82.2078 417.7922
 11.9000  84.8203 415.1797
 12.0000  87.4937 412.5063
 12.1000  90.2279 409.7721
 12.2000  93.0229 406.9771
 12.3000  95.8785 404.1215
 12.4000  98.7944 401.2056
 12.5000 101.7702 398.2298
 12.6000 104.8052 395.1948
 12.7000 107.8990 392.1010
 12.8000 111.0508 388.9492
 12.9000 114.2596 385.7404
 13.0000 117.5244 382.4756
 13.1000 120.8442 379.1558
 13.2000 124.2177 375.7823
 13.3000 127.6434 372.3566
 13.4000 131.1198 368.8802
 13.5000 134.6454 365.3546
 13.6000 138.2182 361.7818
 13.7000 141.8365 358.1635
 13.8000 145.4982 354.5018
 13.9000 149.2012 350.7988
 14.0000 152.9432 347.0568
 14.1000 156.7217 343.2783
 14.2000 160.5344 339.4656
 14.3000 164.3787 335.6213
 14.4000 168.2518 331.7482
 14.5000 172.1510 327.8490
 14.6000 176.0734 323.9266
 14.7000 180.0162 319.9838
 14.8000 183.9762 316.0238
 14.9000 187.9506 312.0494
 15.0000 191.9360 308.0640
 15.1000 195.9295 304.0705
 15.2000 199.9279 300.0721
 15.3000 203.9279 296.0721
 15.4000 207.9263 292.0737
 15.5000 211.9201 288.0799
 15.6000 215.9058 284.0942
 15.7000 219.8805 280.1195
 15.8000 223.8410 276.1590
 15.9000 227.7842 272.2158
 16.0000 231.7070 268.2930
 16.1000 235.6065 264.3935
 16.2000 239.4797 260.5203
 16.3000 243.3238 256.6762
 16.4000 247.1361 252.8639
 16.5000 250.9139 249.0861
 16.6000 254.6547 245.3453
 16.7000 258.3560 241.6440
 16.8000 262.0155 237.9845
 16.9000 265.6309 234.3691
 17.0000 269.2001 230.7999
 17.1000 272.7213 227.2787
 17.2000 276.1924 223.8076
 17.3000 279.6119 220.3881
 17.4000 282.9781 217.0219
 17.5000 286.2895 213.7105
 17.6000 289.5450 210.4550
 17.7000 292.7431 207.2569
 17.8000 295.8830 204.1170
 17.9000 298.9636 201.0364
 18.0000 301.9843 198.0157
 18.1000 304.9442 195.0558
 18.2000 307.8429 192.1571
 18.3000 310.6799 189.3201
 18.4000 313.4548 186.5452
 18.5000 316.1676 183.8324
 18.6000 318.8182 181.1818
 18.7000 321.4064 178.5936
 18.8000 323.9324 176.0676
 18.9000 326.3965 173.6035
 19.0000 328.7989 171.2011
 19.1000 331.1400 168.8600
 19.2000 333.4202 166.5798
 19.3000 335.6401 164.3599
 19.4000 337.8003 162.1997
 19.5000 339.9014 160.0986
 19.6000 341.9442 158.0558
 19.7000 343.9293 156.0707
 19.8000 345.8578 154.1422
 19.9000 347.7303 152.2697
 20.0000 349.5479 150.4521
 20.1000 351.3114 148.6886
 20.2000 353.0219 146.9781
 20.3000 354.6804 145.3196
 20.4000 356.2878 143.7122
 20.5000 357.8452 142.1548
 20.6000 359.3537 140.6463
 20.7000 360.8143 139.1857
 20.8000 362.2282 137.7718
 20.9000 363.5964 136.4036
 21.0000 364.9200 135.0800
 21.1000 366.2001 133.7999
 21.2000 367.4379 132.5621
 21.3000 368.6344 131.3656
 21.4000 369.7906 130.2094
 21.5000 370.9077 129.0923
 21.6000 371.9868 128.0132
 21.7000 373.0288 126.9712
 21.8000 374.0349 125.9651
 21.9000 375.0061 124.9939
 22.0000 375.9434 124.0566
 22.1000 376.8478 123.1522
 22.2000 377.7203 122.2797
 22.3000 378.5618 121.4382
 22.4000 379.3734 120.6266
 22.5000 380.1559 119.8441
 22.6000 380.9103 119.0897
 22.7000 381.6374 118.3626
 22.8000 382.3382 117.6618
 22.9000 383.0135 116.9865
 23.0000 383.6641 116.3359
 23.1000 384.2909 115.7091
 23.2000 384.8945 115.1055
 23.3000 385.4759 114.5241
 23.4000 386.0358 113.9642
 23.5000 386.5749 113.4251
 23.6000 387.0939 112.9061
 23.7000 387.5935 112.4065
 23.8000 388.0743 111.9257
 23.9000 388.5371 111.4629
 24.0000 388.9825 111.0175
 24.1000 389.4111 110.5889
 24.2000 389.8234 110.1766
 24.3000 390.2201 109.7799
 24.4000 390.6017 109.3983
 24.5000 390.9688 109.0312
 24.6000 391.3219 108.6781
 24.7000 391.6615 108.3385
 24.8000 391.9881 108.0119
 24.9000 392.3022 107.6978
 25.0000 392.6042 107.3958
 25.1000 392.8945 107.1055
 25.2000 393.1737 106.8263
 25.3000 393.4421 106.5579
 25.4000 393.7001 106.2999
 25.5000 393.9481 106.0519
 25.6000 394.1865 105.8135
 25.7000 394.4157 105.5843
 25.8000 394.6360 105.3640
 25.9000 394.8476 105.1524
 26.0000 395.0511 104.9489
 26.1000 395.2466 104.7534
 26.2000 395.4345 104.5655
 26.3000 395.6150 104.3850
 26.4000 395.7885 104.2115
 26.5000 395.9552 104.0448
 26.6000 396.1153 103.8847
 26.7000 396.2692 103.7308
 26.8000 396.4170 103.5830
 26.9000 396.5591 103.4409
 27.0000 396.6955 103.3045
 27.1000 396.8266 103.1734
 27.2000 396.9525 103.0475
 27.3000 397.0735 102.9265
 27.4000 397.1897 102.8103
 27.5000 397.3013 102.6987
 27.6000 397.4086 102.5914
 27.7000 397.5115 102.4885
 27.8000 397.6105 102.3895
 27.9000 397.7055 102.2945
 28.0000 397.7967 102.2033
 28.1000 397.8844 102.1156
 28.2000 397.9685 102.0315
 28.3000 398.0494 101.9506
 28.4000 398.1270 101.8730
 28.5000 398.2016 101.7984
 28.6000 398.2732 101.7268
 28.7000 398.3420 101.6580
 28.8000 398.4080 101.5920
 28.9000 398.4715 101.5285
 29.0000 398.5324 101.4676
 29.1000 398.5909 101.4091
 29.2000 398.6470 101.3530
 29.3000 398.7010 101.2990
 29.4000 398.7528 101.2472
 29.5000 398.8025 101.1975
 29.6000 398.8502 101.1498
 29.7000 398.8961 101.1039
 29.8000 398.9401 101.0599
 29.9000 398.9824 101.0176
 30.0000 399.0230 100.9770
 30.1000 399.0620 100.9380
 30.2000 399.0994 100.9006
 30.3000 399.1354 100.8646
 30.4000 399.1699 100.8301
 30.5000 399.2030 100.7970
 30.6000 399.2348 100.7652
 30.7000 399.2654 100.7346
 30.8000 399.2947 100.7053
 30.9000 399.3229 100.6771
 31.0000 399.3499 100.6501
 31.1000 399.3759 100.6241
 31.2000 399.4008 100.5992
 31.3000 399.4247 100.5753
 31.4000 399.4477 100.5523
 31.5000 399.4698 100.5302
 31.6000 399.4910 100.5090
 31.7000 399.5113 100.4887
 31.8000 399.5308 100.4692
 31.9000 399.5496 100.4504
 32.0000 399.5676 100.4324
 32.1000 399.5848 100.4152
 32.2000 399.6014 100.3986
 32.3000 399.6174 100.3826
 32.4000 399.6326 100.3674
 32.5000 399.6473 100.3527
 32.6000 399.6614 100.3386
 32.7000 399.6750 100.3250
 32.8000 399.6879 100.3121
 32.9000 399.7004 100.2996
 33.0000 399.7124 100.2876
 33.1000 399.7239 100.2761
 33.2000 399.7349 100.2651
 33.3000 399.7455 100.2545
 33.4000 399.7557 100.2443
 33.5000 399.7655 100.2345
 33.6000 399.7748 100.2252
 33.7000 399.7838 100.2162
 33.8000 399.7925 100.2075
 33.9000 399.8008 100.1992
 34.0000 399.8087 100.1913
 34.1000 399.8164 100.1836
 34.2000 399.8237 100.1763
 34.3000 399.8308 100.1692
 34.4000 399.8375 100.1625
 34.5000 399.8440 100.1560
 34.6000 399.8503 100.1497
 34.7000 399.8563 100.1437
 34.8000 399.8620 100.1380
 34.9000 399.8675 100.1325
 35.0000 399.8728 100.1272
 35.1000 399.8779 100.1221
 35.2000 399.8828 100.1172
 35.3000 399.8875 100.1125
 35.4000 399.8920 100.1080
 35.5000 399.8963 100.1037
 35.6000 399.9004 100.0996
 35.7000 399.9044 100.0956
 35.8000 399.9082 100.0918
 35.9000 399.9119 100.0881
 36.0000 399.9154 100.0846
 36.1000 399.9188 100.0812
 36.2000 399.9221 100.0779
 36.3000 399.9252 100.0748
 36.4000 399.9282 100.0718
 36.5000 399.9310 100.0690
 36.6000 399.9338 100.0662
 36.7000 399.9365 100.0635
 36.8000 399.9390 100.0610
 36.9000 399.9414 100.0586
 37.0000 399.9438 100.0562
 37.1000 399.9460 100.0540
 37.2000 399.9482 100.0518
 37.3000 399.9503 100.0497
 37.4000 399.9522 100.0478
 37.5000 399.9542 100.0458
 37.6000 399.9560 100.0440
 37.7000 399.9577 100.0423
 37.8000 399.9594 100.0406
 37.9000 399.9611 100.0389
 38.0000 399.9626 100.0374
 38.1000 399.9641 100.0359
 38.2000 399.9655 100.0345
 38.3000 399.9669 100.0331
 38.4000 399.9683 100.0317
 38.5000 399.9695 100.0305
 38.6000 399.9707 100.0293
 38.7000 399.9719 100.0281
 38.8000 399.9730 100.0270
 38.9000 399.9741 100.0259
 39.0000 399.9751 100.0249
 39.1000 399.9761 100.0239
 39.2000 399.9771 100.0229
 39.3000 399.9780 100.0220
 39.4000 399.9789 100.0211
 39.5000 399.9797 100.0203
 39.6000 399.9805 100.0195
 39.7000 399.9813 100.0187
 39.8000 399.9821 100.0179
 39.9000 399.9828 100.0172
 40.0000 399.9835 100.0165
 40.1000 399.9841 100.0159
 40.2000 399.9848 100.0152
 40.3000 399.9854 100.0146
 40.4000 399.9860 100.0140
 40.5000 399.9865 100.0135
 40.6000 399.9871 100.0129
 40.7000 399.9876 100.0124
 40.8000 399.9881 100.0119
 40.9000 399.9886 100.0114
 41.0000 399.9890 100.0110
 41.1000 399.9895 100.0105
 41.2000 399.9899 100.0101
 41.3000 399.9903 100.0097
 41.4000 399.9907 100.0093
 41.5000 399.9910 100.0090
 41.6000 399.9914 100.0086
 41.7000 399.9917 100.0083
 41.8000 399.9921 100.0079
 41.9000 399.9924 100.0076
 42.0000 399.9927 100.0073
 42.1000 399.9930 100.0070
 42.2000 399.9933 100.0067
 42.3000 399.9935 100.0065
 42.4000 399.9938 100.0062
 42.5000 399.9940 100.0060
 42.6000 399.9943 100.0057
 42.7000 399.9945 100.0055
 42.8000 399.9947 100.0053
 42.9000 399.9949 100.0051
 43.0000 399.9951 100.0049
 43.1000 399.9953 100.0047
 43.2000 399.9955 100.0045
 43.3000 399.9957 100.0043
 43.4000 399.9959 100.0041
 43.5000 399.9960 100.0040
 43.6000 399.9962 100.0038
 43.7000 399.9964 100.0036
 43.8000 399.9965 100.0035
 43.9000 399.9966 100.0034
 44.0000 399.9968 100.0032
 44.1000 399.9969 100.0031
 44.2000 399.9970 100.0030
 44.3000 399.9971 100.0029
 44.4000 399.9973 100.0027
 44.5000 399.9974 100.0026
 44.6000 399.9975 100.0025
 44.7000 399.9976 100.0024
 44.8000 399.9977 100.0023
 44.9000 399.9978 100.0022
 45.0000 399.9979 100.0021
 45.1000 399.9979 100.0021
 45.2000 399.9980 100.0020
 45.3000 399.9981 100.0019
 45.4000 399.9982 100.0018
 45.5000 399.9983 100.0017
 45.6000 399.9983 100.0017
 45.7000 399.9984 100.0016
 45.8000 399.9985 100.0015
 45.9000 399.9985 100.0015
 46.0000 399.9986 100.0014
 46.1000 399.9986 100.0014
 46.2000 399.9987 100.0013
 46.3000 399.9987 100.0013
 46.4000 399.9988 100.0012
 46.5000 399.9988 100.0012
 46.6000 399.9989 100.0011
 46.7000 399.9989 100.0011
 46.8000 399.9990 100.0010
 46.9000 399.9990 100.0010
 47.0000 399.9991 100.0009
 47.1000 399.9991 100.0009
 47.2000 399.9991 100.0009
 47.3000 399.9992 100.0008
 47.4000 399.9992 100.0008
 47.5000 399.9992 100.0008
 47.6000 399.9993 100.0007
 47.7000 399.9993 100.0007
 47.8000 399.9993 100.0007
 47.9000 399.9993 100.0007
 48.0000 399.9994 100.0006
 48.1000 399.9994 100.0006
 48.2000 399.9994 100.0006
 48.3000 399.9994 100.0006
 48.4000 399.9995 100.0005
 48.5000 399.9995 100.0005
 48.6000 399.9995 100.0005
 48.7000 399.9995 100.0005
 48.8000 399.9995 100.0005
 48.9000 399.9996 100.0004
 49.0000 399.9996 100.0004
 49.1000 399.9996 100.0004
 49.2000 399.9996 100.0004
 49.3000 399.9996 100.0004
 49.4000 399.9996 100.0004
 49.5000 399.9997 100.0003
 49.6000 399.9997 100.0003
 49.7000 399.9997 100.0003
 49.8000 399.9997 100.0003
 49.9000 399.9997 100.0003
 50.0000 399.9997 100.0003
 50.1000 399.9997 100.0003
 50.2000 399.9997 100.0003
 50.3000 399.9998 100.0002
 50.4000 399.9998 100.0002
 50.5000 399.9998 100.0002
 50.6000 399.9998 100.0002
 50.7000 399.9998 100.0002
 50.8000 399.9998 100.0002
 50.9000 399.9998 100.0002
 51.0000 399.9998 100.0002
 51.1000 399.9998 100.0002
 51.2000 399.9998 100.0002
 51.3000 399.9998 100.0002
 51.4000 399.9998 100.0002
 51.5000 399.9998 100.0002
 51.6000 399.9999 100.0001
 51.7000 399.9999 100.0001
 51.8000 399.9999 100.0001
 51.9000 399.9999 100.0001
 52.0000 399.9999 100.0001
 52.1000 399.9999 100.0001
 52.2000 399.9999 100.0001
 52.3000 399.9999 100.0001
 52.4000 399.9999 100.0001
 52.5000 399.9999 100.0001
 52.6000 399.9999 100.0001
 52.7000 399.9999 100.0001
 52.8000 399.9999 100.0001
 52.9000 399.9999 100.0001
 53.0000 399.9999 100.0001
 53.1000 399.9999 100.0001
 53.2000 399.9999 100.0001
 53.3000 399.9999 100.0001
 53.4000 399.9999 100.0001
 53.5000 399.9999 100.0001
 53.6000 399.9999 100.0001
 53.7000 399.9999 100.0001
 53.8000 399.9999 100.0001
 53.9000 399.9999 100.0001
 54.0000 399.9999 100.0001
 54.1000 399.9999 100.0001
 54.2000 399.9999 100.0001
 54.3000 400.0000 100.0000
 54.4000 400.0000 100.0000
 54.5000 400.0000 100.0000
 54.6000 400.0000 100.0000
 54.7000 400.0000 100.0000
 54.8000 400.0000 100.0000
 54.9000 400.0000 100.0000
 55.0000 400.0000 100.0000
 55.1000 400.0000 100.0000
 55.2000 400.0000 100.0000
 55.3000 400.0000 100.0000
 55.4000 400.0000 100.0000
 55.5000 400.0000 100.0000
 55.6000 400.0000 100.0000
 55.7000 400.0000 100.0000
 55.8000 400.0000 100.0000
 55.9000 400.0000 100.0000
 56.0000 400.0000 100.0000
 56.1000 400.0000 100.0000
 56.2000 400.0000 100.0000
 56.3000 400.0000 100.0000
 56.4000 400.0000 100.0000
 56.5000 400.0000 100.0000
 56.6000 400.0000 100.0000
 56.7000 400.0000 100.0000
 56.8000 400.0000 100.0000
 56.9000 400.0000 100.0000
 57.0000 400.0000 100.0000
 57.1000 400.0000 100.0000
 57.2000 400.0000 100.0000
 57.3000 400.0000 100.0000
 57.4000 400.0000 100.0000
 57.5000 400.0000 100.0000
 57.6000 400.0000 100.0000
 57.7000 400.0000 100.0000
 57.8000 400.0000 100.0000
 57.9000 400.0000 100.0000
 58.0000 400.0000 100.0000
 58.1000 400.0000 100.0000
 58.2000 400.0000 100.0000
 58.3000 400.0000 100.0000
 58.4000 400.0000 100.0000
 58.5000 400.0000 100.0000
 58.6000 400.0000 100.0000
 58.7000 400.0000 100.0000
 58.8000 400.0000 100.0000
 58.9000 400.0000 100.0000
 59.0000 400.0000 100.0000
 59.1000 400.0000 100.0000
 59.2000 400.0000 100.0000
 59.3000 400.0000 100.0000
 59.4000 400.0000 100.0000
 59.5000 400.0000 100.0000
 59.6000 400.0000 100.0000
 59.7000 400.0000 100.0000
 59.8000 400.0000 100.0000
 59.9000 400.0000 100.0000
 60.0000 400.0000 100.0000
 60.1000 400.0000 100.0000
 60.2000 400.0000 100.0000
 60.3000 400.0000 100.0000
 60.4000 400.0000 100.0000
 60.5000 400.0000 100.0000
 60.6000 400.0000 100.0000
 60.7000 400.0000 100.0000
 60.8000 400.0000 100.0000
 60.9000 400.0000 100.0000
 61.0000 400.0000 100.0000
 61.1000 400.0000 100.0000
 61.2000 400.0000 100.0000
 61.3000 400.0000 100.0000
 61.4000 400.0000 100.0000
 61.5000 400.0000 100.0000
 61.6000 400.0000 100.0000
 61.7000 400.0000 100.0000
 61.8000 400.0000 100.0000
 61.9000 400.0000 100.0000
 62.0000 400.0000 100.0000
 62.1000 400.0000 100.0000
 62.2000 400.0000 100.0000
 62.3000 400.0000 100.0000
 62.4000 400.0000 100.0000
 62.5000 400.0000 100.0000
 62.6000 400.0000 100.0000
 62.7000 400.0000 100.0000
 62.8000 400.0000 100.0000
 62.9000 400.0000 100.0000
 63.0000 400.0000 100.0000
 63.1000 400.0000 100.0000
 63.2000 400.0000 100.0000
 63.3000 400.0000 100.0000
 63.4000 400.0000 100.0000
 63.5000 400.0000 100.0000
 63.6000 400.0000 100.0000
 63.7000 400.0000 100.0000
 63.8000 400.0000 100.0000
 63.9000 400.0000 100.0000
 64.0000 400.0000 100.0000
 64.1000 400.0000 100.0000
 64.2000 400.0000 100.0000
 64.3000 400.0000 100.0000
 64.4000 400.0000 100.0000
 64.5000 400.0000 100.0000
 64.6000 400.0000 100.0000
 64.7000 400.0000 100.0000
 64.8000 400.0000 100.0000
 64.9000 400.0000 100.0000
 65.0000 400.0000 100.0000
 65.1000 400.0000 100.0000
 65.2000 400.0000 100.0000
 65.3000 400.0000 100.0000
 65.4000 400.0000 100.0000
 65.5000 400.0000 100.0000
 65.6000 400.0000 100.0000
 65.7000 400.0000 100.0000
 65.8000 400.0000 100.0000
 65.9000 400.0000 100.0000
 66.0000 400.0000 100.0000
 66.1000 400.0000 100.0000
 66.2000 400.0000 100.0000
 66.3000 400.0000 100.0000
 66.4000 400.0000 100.0000
 66.5000 400.0000 100.0000
 66.6000 400.0000 100.0000
 66.7000 400.0000 100.0000
 66.8000 400.0000 100.0000
 66.9000 400.0000 100.0000
 67.0000 400.0000 100.0000
 67.1000 400.0000 100.0000
 67.2000 400.0000 100.0000
 67.3000 400.0000 100.0000
 67.4000 400.0000 100.0000
 67.5000 400.0000 100.0000
 67.6000 400.0000 100.0000
 67.7000 400.0000 100.0000
 67.8000 400.0000 100.0000
 67.9000 400.0000 100.0000
 68.0000 400.0000 100.0000
 68.1000 400.0000 100.0000
 68.2000 400.0000 100.0000
 68.3000 400.0000 100.0000
 68.4000 400.0000 100.0000
 68.5000 400.0000 100.0000
 68.6000 400.0000 100.0000
 68.7000 400.0000 100.0000
 68.8000 400.0000 100.0000
 68.9000 400.0000 100.0000
 69.0000 400.0000 100.0000
 69.1000 400.0000 100.0000
 69.2000 400.0000 100.0000
 69.3000 400.0000 100.0000
 69.4000 400.0000 100.0000
 69.5000 400.0000 100.0000
 69.6000 400.0000 100.0000
 69.7000 400.0000 100.0000
 69.8000 400.0000 100.0000
 69.9000 400.0000 100.0000
 70.0000 400.0000 100.0000
 70.1000 400.0000 100.0000
 70.2000 400.0000 100.0000
 70.3000 400.0000 100.0000
 70.4000 400.0000 100.0000
 70.5000 400.0000 100.0000
 70.6000 400.0000 100.0000
 70.7000 400.0000 100.0000
 70.8000 400.0000 100.0000
 70.9000 400.0000 100.0000
 71.0000 400.0000 100.0000
 71.1000 400.0000 100.0000
 71.2000 400.0000 100.0000
 71.3000 400.0000 100.0000
 71.4000 400.0000 100.0000
 71.5000 400.0000 100.0000
 71.6000 400.0000 100.0000
 71.7000 400.0000 100.0000
 71.8000 400.0000 100.0000
 71.9000 400.0000 100.0000
 72.0000 400.0000 100.0000
 72.1000 400.0000 100.0000
 72.2000 400.0000 100.0000
 72.3000 400.0000 100.0000
 72.4000 400.0000 100.0000
 72.5000 400.0000 100.0000
 72.6000 400.0000 100.0000
 72.7000 400.0000 100.0000
 72.8000 400.0000 100.0000
 72.9000 400.0000 100.0000
 73.0000 400.0000 100.0000
 73.1000 400.0000 100.0000
 73.2000 400.0000 100.0000
 73.3000 400.0000 100.0000
 73.4000 400.0000 100.0000
 73.5000 400.0000 100.0000
 73.6000 400.0000 100.0000
 73.7000 400.0000 100.0000
 73.8000 400.0000 100.0000
 73.9000 400.0000 100.0000
 74.0000 400.0000 100.0000
 74.1000 400.0000 100.0000
 74.2000 400.0000 100.0000
 74.3000 400.0000 100.0000
 74.4000 400.0000 100.0000
 74.5000 400.0000 100.0000
 74.6000 400.0000 100.0000
 74.7000 400.0000 100.0000
 74.8000 400.0000 100.0000
 74.9000 400.0000 100.0000
 75.0000 400.0000 100.0000
 75.1000 400.0000 100.0000
 75.2000 400.0000 100.0000
 75.3000 400.0000 100.0000
 75.4000 400.0000 100.0000
 75.5000 400.0000 100.0000
 75.6000 400.0000 100.0000
 75.7000 400.0000 100.0000
 75.8000 400.0000 100.0000
 75.9000 400.0000 100.0000
 76.0000 400.0000 100.0000
 76.1000 400.0000 100.0000
 76.2000 400.0000 100.0000
 76.3000 400.0000 100.0000
 76.4000 400.0000 100.0000
 76.5000 400.0000 100.0000
 76.6000 400.0000 100.0000
 76.7000 400.0000 100.0000
 76.8000 400.0000 100.0000
 76.9000 400.0000 100.0000
 77.0000 400.0000 100.0000
 77.1000 400.0000 100.0000
 77.2000 400.0000 100.0000
 77.3000 400.0000 100.0000
 77.4000 400.0000 100.0000
 77.5000 400.0000 100.0000
 77.6000 400.0000 100.0000
 77.7000 400.0000 100.0000
 77.8000 400.0000 100.0000
 77.9000 400.0000 100.0000
 78.0000 400.0000 100.0000
 78.1000 400.0000 100.0000
 78.2000 400.0000 100.0000
 78.3000 400.0000 100.0000
 78.4000 400.0000 100.0000
 78.5000 400.0000 100.0000
 78.6000 400.0000 100.0000
 78.7000 400.0000 100.0000
 78.8000 400.0000 100.0000
 78.9000 400.0000 100.0000
 79.0000 400.0000 100.0000
 79.1000 400.0000 100.0000
 79.2000 400.0000 100.0000
 79.3000 400.0000 100.0000
 79.4000 400.0000 100.0000
 79.5000 400.0000 100.0000
 79.6000 400.0000 100.0000
 79.7000 400.0000 100.0000
 79.8000 400.0000 100.0000
 79.9000 400.0000 100.0000
 80.0000 400.0000 100.0000
 80.1000 400.0000 100.0000
 80.2000 400.0000 100.0000
 80.3000 400.0000 100.0000
 80.4000 400.0000 100.0000
 80.5000 400.0000 100.0000
 80.6000 400.0000 100.0000
 80.7000 400.0000 100.0000
 80.8000 400.0000 100.0000
 80.9000 400.0000 100.0000
 81.0000 400.0000 100.0000
 81.1000 400.0000 100.0000
 81.2000 400.0000 100.0000
 81.3000 400.0000 100.0000
 81.4000 400.0000 100.0000
 81.5000 400.0000 100.0000
 81.6000 400.0000 100.0000
 81.7000 400.0000 100.0000
 81.8000 400.0000 100.0000
 81.9000 400.0000 100.0000
 82.0000 400.0000 100.0000
 82.1000 400.0000 100.0000
 82.2000 400.0000 100.0000
 82.3000 400.0000 100.0000
 82.4000 400.0000 100.0000
 82.5000 400.0000 100.0000
 82.6000 400.0000 100.0000
 82.7000 400.0000 100.0000
 82.8000 400.0000 100.0000
 82.9000 400.0000 100.0000
 83.0000 400.0000 100.0000
 83.1000 400.0000 100.0000
 83.2000 400.0000 100.0000
 83.3000 400.0000 100.0000
 83.4000 400.0000 100.0000
 83.5000 400.0000 100.0000
 83.6000 400.0000 100.0000
 83.7000 400.0000 100.0000
 83.8000 400.0000 100.0000
 83.9000 400.0000 100.0000
 84.0000 400.0000 100.0000
 84.1000 400.0000 100.0000
 84.2000 400.0000 100.0000
 84.3000 400.0000 100.0000
 84.4000 400.0000 100.0000
 84.5000 400.0000 100.0000
 84.6000 400.0000 100.0000
 84.7000 400.0000 100.0000
 84.8000 400.0000 100.0000
 84.9000 400.0000 100.0000
 85.0000 400.0000 100.0000
 85.1000 400.0000 100.0000
 85.2000 400.0000 100.0000
 85.3000 400.0000 100.0000
 85.4000 400.0000 100.0000
 85.5000 400.0000 100.0000
 85.6000 400.0000 100.0000
 85.7000 400.0000 100.0000
 85.8000 400.0000 100.0000
 85.9000 400.0000 100.0000
 86.0000 400.0000 100.0000
 86.1000 400.0000 100.0000
 86.2000 400.0000 100.0000
 86.3000 400.0000 100.0000
 86.4000 400.0000 100.0000
 86.5000 400.0000 100.0000
 86.6000 400.0000 100.0000
 86.7000 400.0000 100.0000
 86.8000 400.0000 100.0000
 86.9000 400.0000 100.0000
 87.0000 400.0000 100.0000
 87.1000 400.0000 100.0000
 87.2000 400.0000 100.0000
 87.3000 400.0000 100.0000
 87.4000 400.0000 100.0000
 87.5000 400.0000 100.0000
 87.6000 400.0000 100.0000
 87.7000 400.0000 100.0000
 87.8000 400.0000 100.0000
 87.9000 400.0000 100.0000
 88.0000 400.0000 100.0000
 88.1000 400.0000 100.0000
 88.2000 400.0000 100.0000
 88.3000 400.0000 100.0000
 88.4000 400.0000 100.0000
 88.5000 400.0000 100.0000
 88.6000 400.0000 100.0000
 88.7000 400.0000 100.0000
 88.8000 400.0000 100.0000
 88.9000 400.0000 100.0000
 89.0000 400.0000 100.0000
 89.1000 400.0000 100.0000
 89.2000 400.0000 100.0000
 89.3000 400.0000 100.0000
 89.4000 400.0000 100.0000
 89.5000 400.0000 100.0000
 89.6000 400.0000 100.0000
 89.7000 400.0000 100.0000
 89.8000 400.0000 100.0000
 89.9000 400.0000 100.0000
 90.0000 400.0000 100.0000
 90.1000 400.0000 100.0000
 90.2000 400.0000 100.0000
 90.3000 400.0000 100.0000
 90.4000 400.0000 100.0000
 90.5000 400.0000 100.0000
 90.6000 400.0000 100.0000
 90.7000 400.0000 100.0000
 90.8000 400.0000 100.0000
 90.9000 400.0000 100.0000
 91.0000 400.0000 100.0000
 91.1000 400.0000 100.0000
 91.2000 400.0000 100.0000
 91.3000 400.0000 100.0000
 91.4000 400.0000 100.0000
 91.5000 400.0000 100.0000
 91.6000 400.0000 100.0000
 91.7000 400.0000 100.0000
 91.8000 400.0000 100.0000
 91.9000 400.0000 100.0000
 92.0000 400.0000 100.0000
 92.1000 400.0000 100.0000
 92.2000 400.0000 100.0000
 92.3000 400.0000 100.0000
 92.4000 400.0000 100.0000
 92.5000 400.0000 100.0000
 92.6000 400.0000 100.0000
 92.7000 400.0000 100.0000
 92.8000 400.0000 100.0000
 92.9000 400.0000 100.0000
 93.0000 400.0000 100.0000
 93.1000 400.0000 100.0000
 93.2000 400.0000 100.0000
 93.3000 400.0000 100.0000
 93.4000 400.0000 100.0000
 93.5000 400.0000 100.0000
 93.6000 400.0000 100.0000
 93.7000 400.0000 100.0000
 93.8000 400.0000 100.0000
 93.9000 400.0000 100.0000
 94.0000 400.0000 100.0000
 94.1000 400.0000 100.0000
 94.2000 400.0000 100.0000
 94.3000 400.0000 100.0000
 94.4000 400.0000 100.0000
 94.5000 400.0000 100.0000
 94.6000 400.0000 100.0000
 94.7000 400.0000 100.0000
 94.8000 400.0000 100.0000
 94.9000 400.0000 100.0000
 95.0000 400.0000 100.0000
 95.1000 400.0000 100.0000
 95.2000 400.0000 100.0000
 95.3000 400.0000 100.0000
 95.4000 400.0000 100.0000
 95.5000 400.0000 100.0000
 95.6000 400.0000 100.0000
 95.7000 400.0000 100.0000
 95.8000 400.0000 100.0000
 95.9000 400.0000 100.0000
 96.0000 400.0000 100.0000
 96.1000 400.0000 100.0000
 96.2000 400.0000 100.0000
 96.3000 400.0000 100.0000
 96.4000 400.0000 100.0000
 96.5000 400.0000 100.0000
 96.6000 400.0000 100.0000
 96.7000 400.0000 100.0000
 96.8000 400.0000 100.0000
 96.9000 400.0000 100.0000
 97.0000 400.0000 100.0000
 97.1000 400.0000 100.0000
 97.2000 400.0000 100.0000
 97.3000 400.0000 100.0000
 97.4000 400.0000 100.0000
 97.5000 400.0000 100.0000
 97.6000 400.0000 100.0000
 97.7000 400.0000 100.0000
 97.8000 400.0000 100.0000
 97.9000 400.0000 100.0000
 98.0000 400.0000 100.0000
 98.1000 400.0000 100.0000
 98.2000 400.0000 100.0000
 98.3000 400.0000 100.0000
 98.4000 400.0000 100.0000
 98.5000 400.0000 100.0000
 98.6000 400.0000 100.0000
 98.7000 400.0000 100.0000
 98.8000 400.0000 100.0000
 98.9000 400.0000 100.0000
 99.0000 400.0000 100.0000
 99.1000 400.0000 100.0000
 99.2000 400.0000 100.0000
 99.3000 400.0000 100.0000
 99.4000 400.0000 100.0000
 99.5000 400.0000 100.0000
 99.6000 400.0000 100.0000
 99.7000 400.0000 100.0000
 99.8000 400.0000 100.0000
 99.9000 400.0000 100.0000
100.0000 400.0000 100.0000
