0.0000000000 0.0000000000
0.0100000000 0.0000001663
0.0200000000 0.0000003292
0.0300000000 0.0000004889
0.0400000000 0.0000006453
0.0500000000 0.0000007987
0.0600000000 0.0000009489
0.0700000000 0.0000010960
0.0800000000 0.0000012401
0.0900000000 0.0000013812
0.1000000000 0.0000015194
0.1100000000 0.0000016547
0.1200000000 0.0000017872
0.1300000000 0.0000019169
0.1400000000 0.0000020438
0.1500000000 0.0000021680
0.1600000000 0.0000022895
0.1700000000 0.0000024084
0.1800000000 0.0000025247
0.1900000000 0.0000026384
0.2000000000 0.0000027497
0.2100000000 0.0000028584
0.2200000000 0.0000029647
0.2300000000 0.0000030687
0.2400000000 0.0000031702
0.2500000000 0.0000032694
0.2600000000 0.0000033664
0.2700000000 0.0000034611
0.2800000000 0.0000035536
0.2900000000 0.0000036438
0.3000000000 0.0000037320
0.3100000000 0.0000038180
0.3200000000 0.0000039020
0.3300000000 0.0000039839
0.3400000000 0.0000040637
0.3500000000 0.0000041416
0.3600000000 0.0000042176
0.3700000000 0.0000042916
0.3800000000 0.0000043637
0.3900000000 0.0000044340
0.4000000000 0.0000045025
0.4100000000 0.0000045691
0.4200000000 0.0000046340
0.4300000000 0.0000046971
0.4400000000 0.0000047585
0.4500000000 0.0000048182
0.4600000000 0.0000048763
0.4700000000 0.0000049327
0.4800000000 0.0000049876
0.4900000000 0.0000050408
0.5000000000 0.0000050925
0.5100000000 0.0000051427
0.5200000000 0.0000051913
0.5300000000 0.0000052385
0.5400000000 0.0000052843
0.5500000000 0.0000053286
0.5600000000 0.0000053715
0.5700000000 0.0000054130
0.5800000000 0.0000054531
0.5900000000 0.0000054920
0.6000000000 0.0000055295
0.6100000000 0.0000055657
0.6200000000 0.0000056006
0.6300000000 0.0000056344
0.6400000000 0.0000056668
0.6500000000 0.0000056981
0.6600000000 0.0000057282
0.6700000000 0.0000057571
0.6800000000 0.0000057849
0.6900000000 0.0000058116
0.7000000000 0.0000058372
0.7100000000 0.0000058616
0.7200000000 0.0000058850
0.7300000000 0.0000059074
0.7400000000 0.0000059288
0.7500000000 0.0000059491
0.7600000000 0.0000059684
0.7700000000 0.0000059868
0.7800000000 0.0000060042
0.7900000000 0.0000060207
0.8000000000 0.0000060362
0.8100000000 0.0000060508
0.8200000000 0.0000060646
0.8300000000 0.0000060775
0.8400000000 0.0000060895
0.8500000000 0.0000061007
0.8600000000 0.0000061110
0.8700000000 0.0000061206
0.8800000000 0.0000061293
0.8900000000 0.0000061373
0.9000000000 0.0000061445
0.9100000000 0.0000061510
0.9200000000 0.0000061567
0.9300000000 0.0000061617
0.9400000000 0.0000061660
0.9500000000 0.0000061696
0.9600000000 0.0000061725
0.9700000000 0.0000061747
0.9800000000 0.0000061763
0.9900000000 0.0000061772
1.0000000000 0.0000061775
1.0100000000 0.0000061772
1.0200000000 0.0000061763
1.0300000000 0.0000061748
1.0400000000 0.0000061727
1.0500000000 0.0000061701
1.0600000000 0.0000061669
1.0700000000 0.0000061631
1.0800000000 0.0000061588
1.0900000000 0.0000061540
1.1000000000 0.0000061486
1.1100000000 0.0000061428
1.1200000000 0.0000061365
1.1300000000 0.0000061297
1.1400000000 0.0000061224
1.1500000000 0.0000061146
1.1600000000 0.0000061064
1.1700000000 0.0000060978
1.1800000000 0.0000060887
1.1900000000 0.0000060792
1.2000000000 0.0000060693
1.2100000000 0.0000060590
1.2200000000 0.0000060483
1.2300000000 0.0000060372
1.2400000000 0.0000060257
1.2500000000 0.0000060139
1.2600000000 0.0000060017
1.2700000000 0.0000059891
1.2800000000 0.0000059762
1.2900000000 0.0000059630
1.3000000000 0.0000059494
1.3100000000 0.0000059355
1.3200000000 0.0000059213
1.3300000000 0.0000059068
1.3400000000 0.0000058920
1.3500000000 0.0000058769
1.3600000000 0.0000058615
1.3700000000 0.0000058459
1.3800000000 0.0000058299
1.3900000000 0.0000058138
1.4000000000 0.0000057973
1.4100000000 0.0000057806
1.4200000000 0.0000057637
1.4300000000 0.0000057465
1.4400000000 0.0000057292
1.4500000000 0.0000057115
1.4600000000 0.0000056937
1.4700000000 0.0000056757
1.4800000000 0.0000056574
1.4900000000 0.0000056390
1.5000000000 0.0000056203
1.5100000000 0.0000056015
1.5200000000 0.0000055825
1.5300000000 0.0000055633
1.5400000000 0.0000055440
1.5500000000 0.0000055244
1.5600000000 0.0000055048
1.5700000000 0.0000054849
1.5800000000 0.0000054649
1.5900000000 0.0000054448
1.6000000000 0.0000054245
1.6100000000 0.0000054041
1.6200000000 0.0000053836
1.6300000000 0.0000053629
1.6400000000 0.0000053421
1.6500000000 0.0000053212
1.6600000000 0.0000053002
1.6700000000 0.0000052791
1.6800000000 0.0000052578
1.6900000000 0.0000052365
1.7000000000 0.0000052151
1.7100000000 0.0000051936
1.7200000000 0.0000051720
1.7300000000 0.0000051503
1.7400000000 0.0000051285
1.7500000000 0.0000051066
1.7600000000 0.0000050847
1.7700000000 0.0000050627
1.7800000000 0.0000050407
1.7900000000 0.0000050186
1.8000000000 0.0000049964
1.8100000000 0.0000049742
1.8200000000 0.0000049519
1.8300000000 0.0000049295
1.8400000000 0.0000049072
1.8500000000 0.0000048847
1.8600000000 0.0000048623
1.8700000000 0.0000048398
1.8800000000 0.0000048172
1.8900000000 0.0000047947
1.9000000000 0.0000047721
1.9100000000 0.0000047495
1.9200000000 0.0000047268
1.9300000000 0.0000047042
1.9400000000 0.0000046815
1.9500000000 0.0000046588
1.9600000000 0.0000046361
1.9700000000 0.0000046134
1.9800000000 0.0000045907
1.9900000000 0.0000045679
2.0000000000 0.0000045452
2.0100000000 0.0000045225
2.0200000000 0.0000044998
2.0300000000 0.0000044771
2.0400000000 0.0000044543
2.0500000000 0.0000044316
2.0600000000 0.0000044089
2.0700000000 0.0000043863
2.0800000000 0.0000043636
2.0900000000 0.0000043410
2.1000000000 0.0000043183
2.1100000000 0.0000042957
2.1200000000 0.0000042731
2.1300000000 0.0000042506
2.1400000000 0.0000042280
2.1500000000 0.0000042055
2.1600000000 0.0000041830
2.1700000000 0.0000041606
2.1800000000 0.0000041382
2.1900000000 0.0000041158
2.2000000000 0.0000040935
2.2100000000 0.0000040711
2.2200000000 0.0000040489
2.2300000000 0.0000040266
2.2400000000 0.0000040045
2.2500000000 0.0000039823
2.2600000000 0.0000039602
2.2700000000 0.0000039382
2.2800000000 0.0000039161
2.2900000000 0.0000038942
2.3000000000 0.0000038723
2.3100000000 0.0000038504
2.3200000000 0.0000038286
2.3300000000 0.0000038068
2.3400000000 0.0000037851
2.3500000000 0.0000037635
2.3600000000 0.0000037419
2.3700000000 0.0000037204
2.3800000000 0.0000036989
2.3900000000 0.0000036775
2.4000000000 0.0000036561
2.4100000000 0.0000036348
2.4200000000 0.0000036136
2.4300000000 0.0000035924
2.4400000000 0.0000035713
2.4500000000 0.0000035503
2.4600000000 0.0000035293
2.4700000000 0.0000035084
2.4800000000 0.0000034875
2.4900000000 0.0000034667
2.5000000000 0.0000034460
2.5100000000 0.0000034254
2.5200000000 0.0000034048
2.5300000000 0.0000033843
2.5400000000 0.0000033639
2.5500000000 0.0000033435
2.5600000000 0.0000033232
2.5700000000 0.0000033030
2.5800000000 0.0000032829
2.5900000000 0.0000032628
2.6000000000 0.0000032428
2.6100000000 0.0000032229
2.6200000000 0.0000032031
2.6300000000 0.0000031833
2.6400000000 0.0000031636
2.6500000000 0.0000031440
2.6600000000 0.0000031245
2.6700000000 0.0000031050
2.6800000000 0.0000030856
2.6900000000 0.0000030663
2.7000000000 0.0000030471
2.7100000000 0.0000030279
2.7200000000 0.0000030089
2.7300000000 0.0000029899
2.7400000000 0.0000029710
2.7500000000 0.0000029522
2.7600000000 0.0000029334
2.7700000000 0.0000029147
2.7800000000 0.0000028962
2.7900000000 0.0000028777
2.8000000000 0.0000028592
2.8100000000 0.0000028409
2.8200000000 0.0000028226
2.8300000000 0.0000028045
2.8400000000 0.0000027864
2.8500000000 0.0000027684
2.8600000000 0.0000027504
2.8700000000 0.0000027326
2.8800000000 0.0000027148
2.8900000000 0.0000026971
2.9000000000 0.0000026795
2.9100000000 0.0000026620
2.9200000000 0.0000026446
2.9300000000 0.0000026273
2.9400000000 0.0000026100
2.9500000000 0.0000025928
2.9600000000 0.0000025757
2.9700000000 0.0000025587
2.9800000000 0.0000025418
2.9900000000 0.0000025249
3.0000000000 0.0000025082
3.0100000000 0.0000024915
3.0200000000 0.0000024749
3.0300000000 0.0000024584
3.0400000000 0.0000024419
3.0500000000 0.0000024256
3.0600000000 0.0000024093
3.0700000000 0.0000023932
3.0800000000 0.0000023771
3.0900000000 0.0000023611
3.1000000000 0.0000023451
3.1100000000 0.0000023293
3.1200000000 0.0000023135
3.1300000000 0.0000022978
3.1400000000 0.0000022822
3.1500000000 0.0000022667
3.1600000000 0.0000022513
3.1700000000 0.0000022360
3.1800000000 0.0000022207
3.1900000000 0.0000022055
3.2000000000 0.0000021904
3.2100000000 0.0000021754
3.2200000000 0.0000021605
3.2300000000 0.0000021456
3.2400000000 0.0000021308
3.2500000000 0.0000021161
3.2600000000 0.0000021015
3.2700000000 0.0000020870
3.2800000000 0.0000020726
3.2900000000 0.0000020582
3.3000000000 0.0000020439
3.3100000000 0.0000020297
3.3200000000 0.0000020156
3.3300000000 0.0000020015
3.3400000000 0.0000019876
3.3500000000 0.0000019737
3.3600000000 0.0000019599
3.3700000000 0.0000019462
3.3800000000 0.0000019325
3.3900000000 0.0000019189
3.4000000000 0.0000019054
3.4100000000 0.0000018920
3.4200000000 0.0000018787
3.4300000000 0.0000018654
3.4400000000 0.0000018523
3.4500000000 0.0000018392
3.4600000000 0.0000018262
3.4700000000 0.0000018132
3.4800000000 0.0000018003
3.4900000000 0.0000017875
3.5000000000 0.0000017748
3.5100000000 0.0000017622
3.5200000000 0.0000017496
3.5300000000 0.0000017371
3.5400000000 0.0000017247
3.5500000000 0.0000017124
3.5600000000 0.0000017001
3.5700000000 0.0000016879
3.5800000000 0.0000016758
3.5900000000 0.0000016638
3.6000000000 0.0000016518
3.6100000000 0.0000016399
3.6200000000 0.0000016281
3.6300000000 0.0000016164
3.6400000000 0.0000016047
3.6500000000 0.0000015931
3.6600000000 0.0000015816
3.6700000000 0.0000015701
3.6800000000 0.0000015587
3.6900000000 0.0000015474
3.7000000000 0.0000015361
3.7100000000 0.0000015250
3.7200000000 0.0000015139
3.7300000000 0.0000015028
3.7400000000 0.0000014919
3.7500000000 0.0000014810
3.7600000000 0.0000014701
3.7700000000 0.0000014594
3.7800000000 0.0000014487
3.7900000000 0.0000014381
3.8000000000 0.0000014275
3.8100000000 0.0000014170
3.8200000000 0.0000014066
3.8300000000 0.0000013963
3.8400000000 0.0000013860
3.8500000000 0.0000013758
3.8600000000 0.0000013656
3.8700000000 0.0000013555
3.8800000000 0.0000013455
3.8900000000 0.0000013356
3.9000000000 0.0000013257
3.9100000000 0.0000013158
3.9200000000 0.0000013061
3.9300000000 0.0000012964
3.9400000000 0.0000012868
3.9500000000 0.0000012772
3.9600000000 0.0000012677
3.9700000000 0.0000012582
3.9800000000 0.0000012489
3.9900000000 0.0000012395
4.0000000000 0.0000012303
4.0100000000 0.0000012211
4.0200000000 0.0000012119
4.0300000000 0.0000012029
4.0400000000 0.0000011939
4.0500000000 0.0000011849
4.0600000000 0.0000011760
4.0700000000 0.0000011672
4.0800000000 0.0000011584
4.0900000000 0.0000011497
4.1000000000 0.0000011410
4.1100000000 0.0000011324
4.1200000000 0.0000011239
4.1300000000 0.0000011154
4.1400000000 0.0000011070
4.1500000000 0.0000010986
4.1600000000 0.0000010903
4.1700000000 0.0000010821
4.1800000000 0.0000010739
4.1900000000 0.0000010657
4.2000000000 0.0000010576
4.2100000000 0.0000010496
4.2200000000 0.0000010416
4.2300000000 0.0000010337
4.2400000000 0.0000010258
4.2500000000 0.0000010180
4.2600000000 0.0000010103
4.2700000000 0.0000010026
4.2800000000 0.0000009949
4.2900000000 0.0000009873
4.3000000000 0.0000009798
4.3100000000 0.0000009723
4.3200000000 0.0000009648
4.3300000000 0.0000009574
4.3400000000 0.0000009501
4.3500000000 0.0000009428
4.3600000000 0.0000009356
4.3700000000 0.0000009284
4.3800000000 0.0000009213
4.3900000000 0.0000009142
4.4000000000 0.0000009072
4.4100000000 0.0000009002
4.4200000000 0.0000008932
4.4300000000 0.0000008863
4.4400000000 0.0000008795
4.4500000000 0.0000008727
4.4600000000 0.0000008660
4.4700000000 0.0000008593
4.4800000000 0.0000008526
4.4900000000 0.0000008460
4.5000000000 0.0000008395
4.5100000000 0.0000008330
4.5200000000 0.0000008265
4.5300000000 0.0000008201
4.5400000000 0.0000008137
4.5500000000 0.0000008074
4.5600000000 0.0000008011
4.5700000000 0.0000007949
4.5800000000 0.0000007887
4.5900000000 0.0000007826
4.6000000000 0.0000007765
4.6100000000 0.0000007704
4.6200000000 0.0000007644
4.6300000000 0.0000007584
4.6400000000 0.0000007525
4.6500000000 0.0000007466
4.6600000000 0.0000007408
4.6700000000 0.0000007350
4.6800000000 0.0000007292
4.6900000000 0.0000007235
4.7000000000 0.0000007179
4.7100000000 0.0000007122
4.7200000000 0.0000007066
4.7300000000 0.0000007011
4.7400000000 0.0000006956
4.7500000000 0.0000006901
4.7600000000 0.0000006847
4.7700000000 0.0000006793
4.7800000000 0.0000006739
4.7900000000 0.0000006686
4.8000000000 0.0000006634
4.8100000000 0.0000006581
4.8200000000 0.0000006529
4.8300000000 0.0000006478
4.8400000000 0.0000006427
4.8500000000 0.0000006376
4.8600000000 0.0000006325
4.8700000000 0.0000006275
4.8800000000 0.0000006226
4.8900000000 0.0000006176
4.9000000000 0.0000006127
4.9100000000 0.0000006079
4.9200000000 0.0000006031
4.9300000000 0.0000005983
4.9400000000 0.0000005935
4.9500000000 0.0000005888
4.9600000000 0.0000005841
4.9700000000 0.0000005795
4.9800000000 0.0000005749
4.9900000000 0.0000005703
5.0000000000 0.0000005657


0.0000000000 0.0000000000
0.1000000000 0.0001625820
0.2000000000 0.0002942469
0.3000000000 0.0003994043
0.4000000000 0.0004819046
0.5000000000 0.0005451056
0.6000000000 0.0005919315
0.7000000000 0.0006249249
0.8000000000 0.0006462928
0.9000000000 0.0006579478
1.0000000000 0.0006615437
1.1000000000 0.0006585076
1.2000000000 0.0006500682
1.3000000000 0.0006372805
1.4000000000 0.0006210476
1.5000000000 0.0006021403
1.6000000000 0.0005812139
1.7000000000 0.0005588233
1.8000000000 0.0005354361
1.9000000000 0.0005114443
2.0000000000 0.0004871743
2.1000000000 0.0004628958
2.2000000000 0.0004388299
2.3000000000 0.0004151556
2.4000000000 0.0003920161
2.5000000000 0.0003695237
2.6000000000 0.0003477645
2.7000000000 0.0003268024
2.8000000000 0.0003066826
2.9000000000 0.0002874344
3.0000000000 0.0002690739
3.1000000000 0.0002516063
3.2000000000 0.0002350279
3.3000000000 0.0002193275
3.4000000000 0.0002044879
3.5000000000 0.0001904874
3.6000000000 0.0001773007
3.7000000000 0.0001648995
3.8000000000 0.0001532536
3.9000000000 0.0001423316
4.0000000000 0.0001321011
4.1000000000 0.0001225293
4.2000000000 0.0001135834
4.3000000000 0.0001052310
4.4000000000 0.0000974400
4.5000000000 0.0000901793
4.6000000000 0.0000834184
4.7000000000 0.0000771279
4.8000000000 0.0000712795
4.9000000000 0.0000658459
5.0000000000 0.0000608013


0.0000000000 0.0000000000
1.0000000000 0.1321205588
2.0000000000 0.1146647168
3.0000000000 0.0752129316
4.0000000000 0.0441843611
5.0000000000 0.0245120530


