0.0000 1.0000 1.0000 
0.0100 0.9900 0.9900 
0.0200 0.9802 0.9802 
0.0300 0.9704 0.9704 
0.0400 0.9608 0.9608 
0.0500 0.9512 0.9512 
0.0600 0.9418 0.9418 
0.0700 0.9324 0.9324 
0.0800 0.9231 0.9231 
0.0900 0.9139 0.9139 
0.1000 0.9048 0.9048 
0.1100 0.8958 0.8958 
0.1200 0.8869 0.8869 
0.1300 0.8781 0.8781 
0.1400 0.8694 0.8694 
0.1500 0.8607 0.8607 
0.1600 0.8521 0.8521 
0.1700 0.8437 0.8437 
0.1800 0.8353 0.8353 
0.1900 0.8270 0.8270 
0.2000 0.8187 0.8187 
0.2100 0.8106 0.8106 
0.2200 0.8025 0.8025 
0.2300 0.7945 0.7945 
0.2400 0.7866 0.7866 
0.2500 0.7788 0.7788 
0.2600 0.7711 0.7711 
0.2700 0.7634 0.7634 
0.2800 0.7558 0.7558 
0.2900 0.7483 0.7483 
0.3000 0.7408 0.7408 
0.3100 0.7335 0.7334 
0.3200 0.7262 0.7261 
0.3300 0.7189 0.7189 
0.3400 0.7118 0.7118 
0.3500 0.7047 0.7047 
0.3600 0.6977 0.6977 
0.3700 0.6907 0.6907 
0.3800 0.6839 0.6839 
0.3900 0.6771 0.6771 
0.4000 0.6703 0.6703 
0.4100 0.6637 0.6637 
0.4200 0.6571 0.6570 
0.4300 0.6505 0.6505 
0.4400 0.6440 0.6440 
0.4500 0.6376 0.6376 
0.4600 0.6313 0.6313 
0.4700 0.6250 0.6250 
0.4800 0.6188 0.6188 
0.4900 0.6126 0.6126 
0.5000 0.6065 0.6065 
0.5100 0.6005 0.6005 
0.5200 0.5945 0.5945 
0.5300 0.5886 0.5886 
0.5400 0.5828 0.5827 
0.5500 0.5770 0.5769 
0.5600 0.5712 0.5712 
0.5700 0.5655 0.5655 
0.5800 0.5599 0.5599 
0.5900 0.5543 0.5543 
0.6000 0.5488 0.5488 
0.6100 0.5434 0.5434 
0.6200 0.5380 0.5379 
0.6300 0.5326 0.5326 
0.6400 0.5273 0.5273 
0.6500 0.5221 0.5220 
0.6600 0.5169 0.5169 
0.6700 0.5117 0.5117 
0.6800 0.5066 0.5066 
0.6900 0.5016 0.5016 
0.7000 0.4966 0.4966 
0.7100 0.4917 0.4916 
0.7200 0.4868 0.4868 
0.7300 0.4819 0.4819 
0.7400 0.4771 0.4771 
0.7500 0.4724 0.4724 
0.7600 0.4677 0.4677 
0.7700 0.4630 0.4630 
0.7800 0.4584 0.4584 
0.7900 0.4539 0.4538 
0.8000 0.4493 0.4493 
0.8100 0.4449 0.4449 
0.8200 0.4404 0.4404 
0.8300 0.4361 0.4360 
0.8400 0.4317 0.4317 
0.8500 0.4274 0.4274 
0.8600 0.4232 0.4232 
0.8700 0.4190 0.4190 
0.8800 0.4148 0.4148 
0.8900 0.4107 0.4107 
0.9000 0.4066 0.4066 
0.9100 0.4025 0.4025 
0.9200 0.3985 0.3985 
0.9300 0.3946 0.3946 
0.9400 0.3906 0.3906 
0.9500 0.3867 0.3867 
0.9600 0.3829 0.3829 
0.9700 0.3791 0.3791 
0.9800 0.3753 0.3753 
0.9900 0.3716 0.3716 
1.0000 0.3679 0.3679 
1.0100 0.3642 0.3642 
1.0200 0.3606 0.3606 
1.0300 0.3570 0.3570 
1.0400 0.3535 0.3535 
1.0500 0.3499 0.3499 
1.0600 0.3465 0.3465 
1.0700 0.3430 0.3430 
1.0800 0.3396 0.3396 
1.0900 0.3362 0.3362 
1.1000 0.3329 0.3329 
1.1100 0.3296 0.3296 
1.1200 0.3263 0.3263 
1.1300 0.3230 0.3230 
1.1400 0.3198 0.3198 
1.1500 0.3166 0.3166 
1.1600 0.3135 0.3135 
1.1700 0.3104 0.3104 
1.1800 0.3073 0.3073 
1.1900 0.3042 0.3042 
1.2000 0.3012 0.3012 
1.2100 0.2982 0.2982 
1.2200 0.2952 0.2952 
1.2300 0.2923 0.2923 
1.2400 0.2894 0.2894 
1.2500 0.2865 0.2865 
1.2600 0.2837 0.2837 
1.2700 0.2808 0.2808 
1.2800 0.2780 0.2780 
1.2900 0.2753 0.2753 
1.3000 0.2725 0.2725 
1.3100 0.2698 0.2698 
1.3200 0.2671 0.2671 
1.3300 0.2645 0.2645 
1.3400 0.2619 0.2618 
1.3500 0.2592 0.2592 
1.3600 0.2567 0.2567 
1.3700 0.2541 0.2541 
1.3800 0.2516 0.2516 
1.3900 0.2491 0.2491 
1.4000 0.2466 0.2466 
1.4100 0.2441 0.2441 
1.4200 0.2417 0.2417 
1.4300 0.2393 0.2393 
1.4400 0.2369 0.2369 
1.4500 0.2346 0.2346 
1.4600 0.2322 0.2322 
1.4700 0.2299 0.2299 
1.4800 0.2276 0.2276 
1.4900 0.2254 0.2254 
1.5000 0.2231 0.2231 
1.5100 0.2209 0.2209 
1.5200 0.2187 0.2187 
1.5300 0.2165 0.2165 
1.5400 0.2144 0.2144 
1.5500 0.2123 0.2122 
1.5600 0.2101 0.2101 
1.5700 0.2081 0.2080 
1.5800 0.2060 0.2060 
1.5900 0.2039 0.2039 
1.6000 0.2019 0.2019 
1.6100 0.1999 0.1999 
1.6200 0.1979 0.1979 
1.6300 0.1959 0.1959 
1.6400 0.1940 0.1940 
1.6500 0.1921 0.1920 
1.6600 0.1901 0.1901 
1.6700 0.1883 0.1882 
1.6800 0.1864 0.1864 
1.6900 0.1845 0.1845 
1.7000 0.1827 0.1827 
1.7100 0.1809 0.1809 
1.7200 0.1791 0.1791 
1.7300 0.1773 0.1773 
1.7400 0.1755 0.1755 
1.7500 0.1738 0.1738 
1.7600 0.1720 0.1720 
1.7700 0.1703 0.1703 
1.7800 0.1686 0.1686 
1.7900 0.1670 0.1670 
1.8000 0.1653 0.1653 
1.8100 0.1637 0.1637 
1.8200 0.1620 0.1620 
1.8300 0.1604 0.1604 
1.8400 0.1588 0.1588 
1.8500 0.1572 0.1572 
1.8600 0.1557 0.1557 
1.8700 0.1541 0.1541 
1.8800 0.1526 0.1526 
1.8900 0.1511 0.1511 
1.9000 0.1496 0.1496 
1.9100 0.1481 0.1481 
1.9200 0.1466 0.1466 
1.9300 0.1452 0.1451 
1.9400 0.1437 0.1437 
1.9500 0.1423 0.1423 
1.9600 0.1409 0.1409 
1.9700 0.1395 0.1395 
1.9800 0.1381 0.1381 
1.9900 0.1367 0.1367 
2.0000 0.1353 0.1353 
2.0100 0.1340 0.1340 
2.0200 0.1327 0.1327 
2.0300 0.1313 0.1313 
2.0400 0.1300 0.1300 
2.0500 0.1287 0.1287 
2.0600 0.1275 0.1275 
2.0700 0.1262 0.1262 
2.0800 0.1249 0.1249 
2.0900 0.1237 0.1237 
2.1000 0.1225 0.1225 
2.1100 0.1212 0.1212 
2.1200 0.1200 0.1200 
2.1300 0.1188 0.1188 
2.1400 0.1177 0.1177 
2.1500 0.1165 0.1165 
2.1600 0.1153 0.1153 
2.1700 0.1142 0.1142 
2.1800 0.1130 0.1130 
2.1900 0.1119 0.1119 
2.2000 0.1108 0.1108 
2.2100 0.1097 0.1097 
2.2200 0.1086 0.1086 
2.2300 0.1075 0.1075 
2.2400 0.1065 0.1065 
2.2500 0.1054 0.1054 
2.2600 0.1044 0.1044 
2.2700 0.1033 0.1033 
2.2800 0.1023 0.1023 
2.2900 0.1013 0.1013 
2.3000 0.1003 0.1003 
2.3100 0.0993 0.0993 
2.3200 0.0983 0.0983 
2.3300 0.0973 0.0973 
2.3400 0.0963 0.0963 
2.3500 0.0954 0.0954 
2.3600 0.0944 0.0944 
2.3700 0.0935 0.0935 
2.3800 0.0926 0.0926 
2.3900 0.0916 0.0916 
2.4000 0.0907 0.0907 
2.4100 0.0898 0.0898 
2.4200 0.0889 0.0889 
2.4300 0.0880 0.0880 
2.4400 0.0872 0.0872 
2.4500 0.0863 0.0863 
2.4600 0.0854 0.0854 
2.4700 0.0846 0.0846 
2.4800 0.0837 0.0837 
2.4900 0.0829 0.0829 
2.5000 0.0821 0.0821 
2.5100 0.0813 0.0813 
2.5200 0.0805 0.0805 
2.5300 0.0797 0.0797 
2.5400 0.0789 0.0789 
2.5500 0.0781 0.0781 
2.5600 0.0773 0.0773 
2.5700 0.0765 0.0765 
2.5800 0.0758 0.0758 
2.5900 0.0750 0.0750 
2.6000 0.0743 0.0743 
2.6100 0.0735 0.0735 
2.6200 0.0728 0.0728 
2.6300 0.0721 0.0721 
2.6400 0.0714 0.0714 
2.6500 0.0707 0.0707 
2.6600 0.0700 0.0699 
2.6700 0.0693 0.0693 
2.6800 0.0686 0.0686 
2.6900 0.0679 0.0679 
2.7000 0.0672 0.0672 
2.7100 0.0665 0.0665 
2.7200 0.0659 0.0659 
2.7300 0.0652 0.0652 
2.7400 0.0646 0.0646 
2.7500 0.0639 0.0639 
2.7600 0.0633 0.0633 
2.7700 0.0627 0.0627 
2.7800 0.0620 0.0620 
2.7900 0.0614 0.0614 
2.8000 0.0608 0.0608 
2.8100 0.0602 0.0602 
2.8200 0.0596 0.0596 
2.8300 0.0590 0.0590 
2.8400 0.0584 0.0584 
2.8500 0.0578 0.0578 
2.8600 0.0573 0.0573 
2.8700 0.0567 0.0567 
2.8800 0.0561 0.0561 
2.8900 0.0556 0.0556 
2.9000 0.0550 0.0550 
2.9100 0.0545 0.0545 
2.9200 0.0539 0.0539 
2.9300 0.0534 0.0534 
2.9400 0.0529 0.0529 
2.9500 0.0523 0.0523 
2.9600 0.0518 0.0518 
2.9700 0.0513 0.0513 
2.9800 0.0508 0.0508 
2.9900 0.0503 0.0503 
3.0000 0.0498 0.0498 
3.0100 0.0493 0.0493 
3.0200 0.0488 0.0488 
3.0300 0.0483 0.0483 
3.0400 0.0478 0.0478 
3.0500 0.0474 0.0474 
3.0600 0.0469 0.0469 
3.0700 0.0464 0.0464 
3.0800 0.0460 0.0460 
3.0900 0.0455 0.0455 
3.1000 0.0451 0.0450 
3.1100 0.0446 0.0446 
3.1200 0.0442 0.0442 
3.1300 0.0437 0.0437 
3.1400 0.0433 0.0433 
3.1500 0.0429 0.0429 
3.1600 0.0424 0.0424 
3.1700 0.0420 0.0420 
3.1800 0.0416 0.0416 
3.1900 0.0412 0.0412 
3.2000 0.0408 0.0408 
3.2100 0.0404 0.0404 
3.2200 0.0400 0.0400 
3.2300 0.0396 0.0396 
3.2400 0.0392 0.0392 
3.2500 0.0388 0.0388 
3.2600 0.0384 0.0384 
3.2700 0.0380 0.0380 
3.2800 0.0376 0.0376 
3.2900 0.0373 0.0373 
3.3000 0.0369 0.0369 
3.3100 0.0365 0.0365 
3.3200 0.0362 0.0362 
3.3300 0.0358 0.0358 
3.3400 0.0354 0.0354 
3.3500 0.0351 0.0351 
3.3600 0.0347 0.0347 
3.3700 0.0344 0.0344 
3.3800 0.0340 0.0340 
3.3900 0.0337 0.0337 
3.4000 0.0334 0.0334 
3.4100 0.0330 0.0330 
3.4200 0.0327 0.0327 
3.4300 0.0324 0.0324 
3.4400 0.0321 0.0321 
3.4500 0.0317 0.0317 
3.4600 0.0314 0.0314 
3.4700 0.0311 0.0311 
3.4800 0.0308 0.0308 
3.4900 0.0305 0.0305 
3.5000 0.0302 0.0302 
3.5100 0.0299 0.0299 
3.5200 0.0296 0.0296 
3.5300 0.0293 0.0293 
3.5400 0.0290 0.0290 
3.5500 0.0287 0.0287 
3.5600 0.0284 0.0284 
3.5700 0.0282 0.0282 
3.5800 0.0279 0.0279 
3.5900 0.0276 0.0276 
3.6000 0.0273 0.0273 
3.6100 0.0271 0.0271 
3.6200 0.0268 0.0268 
3.6300 0.0265 0.0265 
3.6400 0.0263 0.0263 
3.6500 0.0260 0.0260 
3.6600 0.0257 0.0257 
3.6700 0.0255 0.0255 
3.6800 0.0252 0.0252 
3.6900 0.0250 0.0250 
3.7000 0.0247 0.0247 
3.7100 0.0245 0.0245 
3.7200 0.0242 0.0242 
3.7300 0.0240 0.0240 
3.7400 0.0238 0.0238 
3.7500 0.0235 0.0235 
3.7600 0.0233 0.0233 
3.7700 0.0231 0.0231 
3.7800 0.0228 0.0228 
3.7900 0.0226 0.0226 
3.8000 0.0224 0.0224 
3.8100 0.0221 0.0221 
3.8200 0.0219 0.0219 
3.8300 0.0217 0.0217 
3.8400 0.0215 0.0215 
3.8500 0.0213 0.0213 
3.8600 0.0211 0.0211 
3.8700 0.0209 0.0209 
3.8800 0.0207 0.0207 
3.8900 0.0204 0.0204 
3.9000 0.0202 0.0202 
3.9100 0.0200 0.0200 
3.9200 0.0198 0.0198 
3.9300 0.0196 0.0196 
3.9400 0.0194 0.0194 
3.9500 0.0193 0.0193 
3.9600 0.0191 0.0191 
3.9700 0.0189 0.0189 
3.9800 0.0187 0.0187 
3.9900 0.0185 0.0185 
4.0000 0.0183 0.0183 
4.0100 0.0181 0.0181 
4.0200 0.0180 0.0180 
4.0300 0.0178 0.0178 
4.0400 0.0176 0.0176 
4.0500 0.0174 0.0174 
4.0600 0.0173 0.0172 
4.0700 0.0171 0.0171 
4.0800 0.0169 0.0169 
4.0900 0.0167 0.0167 
4.1000 0.0166 0.0166 
4.1100 0.0164 0.0164 
4.1200 0.0162 0.0162 
4.1300 0.0161 0.0161 
4.1400 0.0159 0.0159 
4.1500 0.0158 0.0158 
4.1600 0.0156 0.0156 
4.1700 0.0155 0.0155 
4.1800 0.0153 0.0153 
4.1900 0.0151 0.0151 
4.2000 0.0150 0.0150 
4.2100 0.0148 0.0148 
4.2200 0.0147 0.0147 
4.2300 0.0146 0.0146 
4.2400 0.0144 0.0144 
4.2500 0.0143 0.0143 
4.2600 0.0141 0.0141 
4.2700 0.0140 0.0140 
4.2800 0.0138 0.0138 
4.2900 0.0137 0.0137 
4.3000 0.0136 0.0136 
4.3100 0.0134 0.0134 
4.3200 0.0133 0.0133 
4.3300 0.0132 0.0132 
4.3400 0.0130 0.0130 
4.3500 0.0129 0.0129 
4.3600 0.0128 0.0128 
4.3700 0.0127 0.0127 
4.3800 0.0125 0.0125 
4.3900 0.0124 0.0124 
4.4000 0.0123 0.0123 
4.4100 0.0122 0.0122 
4.4200 0.0120 0.0120 
4.4300 0.0119 0.0119 
4.4400 0.0118 0.0118 
4.4500 0.0117 0.0117 
4.4600 0.0116 0.0116 
4.4700 0.0114 0.0114 
4.4800 0.0113 0.0113 
4.4900 0.0112 0.0112 
4.5000 0.0111 0.0111 
4.5100 0.0110 0.0110 
4.5200 0.0109 0.0109 
4.5300 0.0108 0.0108 
4.5400 0.0107 0.0107 
4.5500 0.0106 0.0106 
4.5600 0.0105 0.0105 
4.5700 0.0104 0.0104 
4.5800 0.0103 0.0103 
4.5900 0.0102 0.0102 
4.6000 0.0101 0.0101 
4.6100 0.0100 0.0100 
4.6200 0.0099 0.0099 
4.6300 0.0098 0.0098 
4.6400 0.0097 0.0097 
4.6500 0.0096 0.0096 
4.6600 0.0095 0.0095 
4.6700 0.0094 0.0094 
4.6800 0.0093 0.0093 
4.6900 0.0092 0.0092 
4.7000 0.0091 0.0091 
4.7100 0.0090 0.0090 
4.7200 0.0089 0.0089 
4.7300 0.0088 0.0088 
4.7400 0.0087 0.0087 
4.7500 0.0087 0.0087 
4.7600 0.0086 0.0086 
4.7700 0.0085 0.0085 
4.7800 0.0084 0.0084 
4.7900 0.0083 0.0083 
4.8000 0.0082 0.0082 
4.8100 0.0081 0.0081 
4.8200 0.0081 0.0081 
4.8300 0.0080 0.0080 
4.8400 0.0079 0.0079 
4.8500 0.0078 0.0078 
4.8600 0.0078 0.0078 
4.8700 0.0077 0.0077 
4.8800 0.0076 0.0076 
4.8900 0.0075 0.0075 
4.9000 0.0074 0.0074 
4.9100 0.0074 0.0074 
4.9200 0.0073 0.0073 
4.9300 0.0072 0.0072 
4.9400 0.0072 0.0072 
4.9500 0.0071 0.0071 
4.9600 0.0070 0.0070 
4.9700 0.0069 0.0069 
4.9800 0.0069 0.0069 
4.9900 0.0068 0.0068 
5.0000 0.0067 0.0067 


0.0000 1.0000 1.0000 
0.1000 0.9050 0.9048 
0.2000 0.8190 0.8187 
0.3000 0.7412 0.7408 
0.4000 0.6708 0.6703 
0.5000 0.6071 0.6065 
0.6000 0.5494 0.5488 
0.7000 0.4972 0.4966 
0.8000 0.4500 0.4493 
0.9000 0.4072 0.4066 
1.0000 0.3685 0.3679 
1.1000 0.3335 0.3329 
1.2000 0.3018 0.3012 
1.3000 0.2732 0.2725 
1.4000 0.2472 0.2466 
1.5000 0.2237 0.2231 
1.6000 0.2025 0.2019 
1.7000 0.1832 0.1827 
1.8000 0.1658 0.1653 
1.9000 0.1501 0.1496 
2.0000 0.1358 0.1353 
2.1000 0.1229 0.1225 
2.2000 0.1112 0.1108 
2.3000 0.1007 0.1003 
2.4000 0.0911 0.0907 
2.5000 0.0825 0.0821 
2.6000 0.0746 0.0743 
2.7000 0.0675 0.0672 
2.8000 0.0611 0.0608 
2.9000 0.0553 0.0550 
3.0000 0.0501 0.0498 
3.1000 0.0453 0.0450 
3.2000 0.0410 0.0408 
3.3000 0.0371 0.0369 
3.4000 0.0336 0.0334 
3.5000 0.0304 0.0302 
3.6000 0.0275 0.0273 
3.7000 0.0249 0.0247 
3.8000 0.0225 0.0224 
3.9000 0.0204 0.0202 
4.0000 0.0184 0.0183 
4.1000 0.0167 0.0166 
4.2000 0.0151 0.0150 
4.3000 0.0137 0.0136 
4.4000 0.0124 0.0123 
4.5000 0.0112 0.0111 
4.6000 0.0101 0.0101 
4.7000 0.0092 0.0091 
4.8000 0.0083 0.0082 
4.9000 0.0075 0.0074 
5.0000 0.0068 0.0067 


0.0000 1.0000 1.0000 
1.0000 0.5000 0.3679 
2.0000 0.2500 0.1353 
3.0000 0.1250 0.0498 
4.0000 0.0625 0.0183 
5.0000 0.0312 0.0067 


