0.0000 0.0000
0.0100 -0.0000
0.0200 -0.0001
0.0300 -0.0001
0.0400 -0.0002
0.0500 -0.0002
0.0600 -0.0003
0.0700 -0.0003
0.0800 -0.0004
0.0900 -0.0004
0.1000 -0.0005
0.1100 -0.0005
0.1200 -0.0005
0.1300 -0.0006
0.1400 -0.0006
0.1500 -0.0006
0.1600 -0.0007
0.1700 -0.0007
0.1800 -0.0008
0.1900 -0.0008
0.2000 -0.0008
0.2100 -0.0009
0.2200 -0.0009
0.2300 -0.0009
0.2400 -0.0009
0.2500 -0.0010
0.2600 -0.0010
0.2700 -0.0010
0.2800 -0.0011
0.2900 -0.0011
0.3000 -0.0011
0.3100 -0.0011
0.3200 -0.0012
0.3300 -0.0012
0.3400 -0.0012
0.3500 -0.0012
0.3600 -0.0013
0.3700 -0.0013
0.3800 -0.0013
0.3900 -0.0013
0.4000 -0.0013
0.4100 -0.0014
0.4200 -0.0014
0.4300 -0.0014
0.4400 -0.0014
0.4500 -0.0014
0.4600 -0.0015
0.4700 -0.0015
0.4800 -0.0015
0.4900 -0.0015
0.5000 -0.0015
0.5100 -0.0015
0.5200 -0.0016
0.5300 -0.0016
0.5400 -0.0016
0.5500 -0.0016
0.5600 -0.0016
0.5700 -0.0016
0.5800 -0.0016
0.5900 -0.0016
0.6000 -0.0017
0.6100 -0.0017
0.6200 -0.0017
0.6300 -0.0017
0.6400 -0.0017
0.6500 -0.0017
0.6600 -0.0017
0.6700 -0.0017
0.6800 -0.0017
0.6900 -0.0017
0.7000 -0.0017
0.7100 -0.0018
0.7200 -0.0018
0.7300 -0.0018
0.7400 -0.0018
0.7500 -0.0018
0.7600 -0.0018
0.7700 -0.0018
0.7800 -0.0018
0.7900 -0.0018
0.8000 -0.0018
0.8100 -0.0018
0.8200 -0.0018
0.8300 -0.0018
0.8400 -0.0018
0.8500 -0.0018
0.8600 -0.0018
0.8700 -0.0018
0.8800 -0.0018
0.8900 -0.0018
0.9000 -0.0018
0.9100 -0.0018
0.9200 -0.0018
0.9300 -0.0018
0.9400 -0.0018
0.9500 -0.0018
0.9600 -0.0018
0.9700 -0.0018
0.9800 -0.0018
0.9900 -0.0018
1.0000 -0.0018
1.0100 -0.0018
1.0200 -0.0018
1.0300 -0.0018
1.0400 -0.0018
1.0500 -0.0018
1.0600 -0.0018
1.0700 -0.0018
1.0800 -0.0018
1.0900 -0.0018
1.1000 -0.0018
1.1100 -0.0018
1.1200 -0.0018
1.1300 -0.0018
1.1400 -0.0018
1.1500 -0.0018
1.1600 -0.0018
1.1700 -0.0018
1.1800 -0.0018
1.1900 -0.0018
1.2000 -0.0018
1.2100 -0.0018
1.2200 -0.0018
1.2300 -0.0018
1.2400 -0.0018
1.2500 -0.0018
1.2600 -0.0018
1.2700 -0.0018
1.2800 -0.0018
1.2900 -0.0018
1.3000 -0.0018
1.3100 -0.0018
1.3200 -0.0018
1.3300 -0.0018
1.3400 -0.0018
1.3500 -0.0018
1.3600 -0.0018
1.3700 -0.0017
1.3800 -0.0017
1.3900 -0.0017
1.4000 -0.0017
1.4100 -0.0017
1.4200 -0.0017
1.4300 -0.0017
1.4400 -0.0017
1.4500 -0.0017
1.4600 -0.0017
1.4700 -0.0017
1.4800 -0.0017
1.4900 -0.0017
1.5000 -0.0017
1.5100 -0.0017
1.5200 -0.0017
1.5300 -0.0017
1.5400 -0.0017
1.5500 -0.0016
1.5600 -0.0016
1.5700 -0.0016
1.5800 -0.0016
1.5900 -0.0016
1.6000 -0.0016
1.6100 -0.0016
1.6200 -0.0016
1.6300 -0.0016
1.6400 -0.0016
1.6500 -0.0016
1.6600 -0.0016
1.6700 -0.0016
1.6800 -0.0016
1.6900 -0.0016
1.7000 -0.0016
1.7100 -0.0016
1.7200 -0.0015
1.7300 -0.0015
1.7400 -0.0015
1.7500 -0.0015
1.7600 -0.0015
1.7700 -0.0015
1.7800 -0.0015
1.7900 -0.0015
1.8000 -0.0015
1.8100 -0.0015
1.8200 -0.0015
1.8300 -0.0015
1.8400 -0.0015
1.8500 -0.0015
1.8600 -0.0015
1.8700 -0.0014
1.8800 -0.0014
1.8900 -0.0014
1.9000 -0.0014
1.9100 -0.0014
1.9200 -0.0014
1.9300 -0.0014
1.9400 -0.0014
1.9500 -0.0014
1.9600 -0.0014
1.9700 -0.0014
1.9800 -0.0014
1.9900 -0.0014
2.0000 -0.0014
2.0100 -0.0013
2.0200 -0.0013
2.0300 -0.0013
2.0400 -0.0013
2.0500 -0.0013
2.0600 -0.0013
2.0700 -0.0013
2.0800 -0.0013
2.0900 -0.0013
2.1000 -0.0013
2.1100 -0.0013
2.1200 -0.0013
2.1300 -0.0013
2.1400 -0.0013
2.1500 -0.0013
2.1600 -0.0012
2.1700 -0.0012
2.1800 -0.0012
2.1900 -0.0012
2.2000 -0.0012
2.2100 -0.0012
2.2200 -0.0012
2.2300 -0.0012
2.2400 -0.0012
2.2500 -0.0012
2.2600 -0.0012
2.2700 -0.0012
2.2800 -0.0012
2.2900 -0.0012
2.3000 -0.0012
2.3100 -0.0011
2.3200 -0.0011
2.3300 -0.0011
2.3400 -0.0011
2.3500 -0.0011
2.3600 -0.0011
2.3700 -0.0011
2.3800 -0.0011
2.3900 -0.0011
2.4000 -0.0011
2.4100 -0.0011
2.4200 -0.0011
2.4300 -0.0011
2.4400 -0.0011
2.4500 -0.0011
2.4600 -0.0011
2.4700 -0.0010
2.4800 -0.0010
2.4900 -0.0010
2.5000 -0.0010
2.5100 -0.0010
2.5200 -0.0010
2.5300 -0.0010
2.5400 -0.0010
2.5500 -0.0010
2.5600 -0.0010
2.5700 -0.0010
2.5800 -0.0010
2.5900 -0.0010
2.6000 -0.0010
2.6100 -0.0010
2.6200 -0.0010
2.6300 -0.0009
2.6400 -0.0009
2.6500 -0.0009
2.6600 -0.0009
2.6700 -0.0009
2.6800 -0.0009
2.6900 -0.0009
2.7000 -0.0009
2.7100 -0.0009
2.7200 -0.0009
2.7300 -0.0009
2.7400 -0.0009
2.7500 -0.0009
2.7600 -0.0009
2.7700 -0.0009
2.7800 -0.0009
2.7900 -0.0009
2.8000 -0.0009
2.8100 -0.0008
2.8200 -0.0008
2.8300 -0.0008
2.8400 -0.0008
2.8500 -0.0008
2.8600 -0.0008
2.8700 -0.0008
2.8800 -0.0008
2.8900 -0.0008
2.9000 -0.0008
2.9100 -0.0008
2.9200 -0.0008
2.9300 -0.0008
2.9400 -0.0008
2.9500 -0.0008
2.9600 -0.0008
2.9700 -0.0008
2.9800 -0.0008
2.9900 -0.0008
3.0000 -0.0007
3.0100 -0.0007
3.0200 -0.0007
3.0300 -0.0007
3.0400 -0.0007
3.0500 -0.0007
3.0600 -0.0007
3.0700 -0.0007
3.0800 -0.0007
3.0900 -0.0007
3.1000 -0.0007
3.1100 -0.0007
3.1200 -0.0007
3.1300 -0.0007
3.1400 -0.0007
3.1500 -0.0007
3.1600 -0.0007
3.1700 -0.0007
3.1800 -0.0007
3.1900 -0.0007
3.2000 -0.0007
3.2100 -0.0006
3.2200 -0.0006
3.2300 -0.0006
3.2400 -0.0006
3.2500 -0.0006
3.2600 -0.0006
3.2700 -0.0006
3.2800 -0.0006
3.2900 -0.0006
3.3000 -0.0006
3.3100 -0.0006
3.3200 -0.0006
3.3300 -0.0006
3.3400 -0.0006
3.3500 -0.0006
3.3600 -0.0006
3.3700 -0.0006
3.3800 -0.0006
3.3900 -0.0006
3.4000 -0.0006
3.4100 -0.0006
3.4200 -0.0006
3.4300 -0.0006
3.4400 -0.0006
3.4500 -0.0005
3.4600 -0.0005
3.4700 -0.0005
3.4800 -0.0005
3.4900 -0.0005
3.5000 -0.0005
3.5100 -0.0005
3.5200 -0.0005
3.5300 -0.0005
3.5400 -0.0005
3.5500 -0.0005
3.5600 -0.0005
3.5700 -0.0005
3.5800 -0.0005
3.5900 -0.0005
3.6000 -0.0005
3.6100 -0.0005
3.6200 -0.0005
3.6300 -0.0005
3.6400 -0.0005
3.6500 -0.0005
3.6600 -0.0005
3.6700 -0.0005
3.6800 -0.0005
3.6900 -0.0005
3.7000 -0.0005
3.7100 -0.0005
3.7200 -0.0004
3.7300 -0.0004
3.7400 -0.0004
3.7500 -0.0004
3.7600 -0.0004
3.7700 -0.0004
3.7800 -0.0004
3.7900 -0.0004
3.8000 -0.0004
3.8100 -0.0004
3.8200 -0.0004
3.8300 -0.0004
3.8400 -0.0004
3.8500 -0.0004
3.8600 -0.0004
3.8700 -0.0004
3.8800 -0.0004
3.8900 -0.0004
3.9000 -0.0004
3.9100 -0.0004
3.9200 -0.0004
3.9300 -0.0004
3.9400 -0.0004
3.9500 -0.0004
3.9600 -0.0004
3.9700 -0.0004
3.9800 -0.0004
3.9900 -0.0004
4.0000 -0.0004
4.0100 -0.0004
4.0200 -0.0004
4.0300 -0.0004
4.0400 -0.0004
4.0500 -0.0004
4.0600 -0.0003
4.0700 -0.0003
4.0800 -0.0003
4.0900 -0.0003
4.1000 -0.0003
4.1100 -0.0003
4.1200 -0.0003
4.1300 -0.0003
4.1400 -0.0003
4.1500 -0.0003
4.1600 -0.0003
4.1700 -0.0003
4.1800 -0.0003
4.1900 -0.0003
4.2000 -0.0003
4.2100 -0.0003
4.2200 -0.0003
4.2300 -0.0003
4.2400 -0.0003
4.2500 -0.0003
4.2600 -0.0003
4.2700 -0.0003
4.2800 -0.0003
4.2900 -0.0003
4.3000 -0.0003
4.3100 -0.0003
4.3200 -0.0003
4.3300 -0.0003
4.3400 -0.0003
4.3500 -0.0003
4.3600 -0.0003
4.3700 -0.0003
4.3800 -0.0003
4.3900 -0.0003
4.4000 -0.0003
4.4100 -0.0003
4.4200 -0.0003
4.4300 -0.0003
4.4400 -0.0003
4.4500 -0.0003
4.4600 -0.0003
4.4700 -0.0003
4.4800 -0.0003
4.4900 -0.0003
4.5000 -0.0002
4.5100 -0.0002
4.5200 -0.0002
4.5300 -0.0002
4.5400 -0.0002
4.5500 -0.0002
4.5600 -0.0002
4.5700 -0.0002
4.5800 -0.0002
4.5900 -0.0002
4.6000 -0.0002
4.6100 -0.0002
4.6200 -0.0002
4.6300 -0.0002
4.6400 -0.0002
4.6500 -0.0002
4.6600 -0.0002
4.6700 -0.0002
4.6800 -0.0002
4.6900 -0.0002
4.7000 -0.0002
4.7100 -0.0002
4.7200 -0.0002
4.7300 -0.0002
4.7400 -0.0002
4.7500 -0.0002
4.7600 -0.0002
4.7700 -0.0002
4.7800 -0.0002
4.7900 -0.0002
4.8000 -0.0002
4.8100 -0.0002
4.8200 -0.0002
4.8300 -0.0002
4.8400 -0.0002
4.8500 -0.0002
4.8600 -0.0002
4.8700 -0.0002
4.8800 -0.0002
4.8900 -0.0002
4.9000 -0.0002
4.9100 -0.0002
4.9200 -0.0002
4.9300 -0.0002
4.9400 -0.0002
4.9500 -0.0002
4.9600 -0.0002
4.9700 -0.0002
4.9800 -0.0002
4.9900 -0.0002
5.0000 -0.0002


0.0000 0.0000
0.1000 -0.0048
0.2000 -0.0087
0.3000 -0.0118
0.4000 -0.0142
0.5000 -0.0160
0.6000 -0.0174
0.7000 -0.0183
0.8000 -0.0189
0.9000 -0.0191
1.0000 -0.0192
1.1000 -0.0191
1.2000 -0.0188
1.3000 -0.0183
1.4000 -0.0178
1.5000 -0.0172
1.6000 -0.0166
1.7000 -0.0159
1.8000 -0.0152
1.9000 -0.0145
2.0000 -0.0138
2.1000 -0.0130
2.2000 -0.0123
2.3000 -0.0116
2.4000 -0.0110
2.5000 -0.0103
2.6000 -0.0097
2.7000 -0.0091
2.8000 -0.0085
2.9000 -0.0079
3.0000 -0.0074
3.1000 -0.0069
3.2000 -0.0064
3.3000 -0.0060
3.4000 -0.0056
3.5000 -0.0052
3.6000 -0.0048
3.7000 -0.0044
3.8000 -0.0041
3.9000 -0.0038
4.0000 -0.0035
4.1000 -0.0033
4.2000 -0.0030
4.3000 -0.0028
4.4000 -0.0026
4.5000 -0.0024
4.6000 -0.0022
4.7000 -0.0020
4.8000 -0.0019
4.9000 -0.0017
5.0000 -0.0016


0.0000 0.0000
1.0000 -0.3679
2.0000 -0.1353
3.0000 -0.0498
4.0000 -0.0183
5.0000 -0.0067


