 0 1.85003631
 1 1.83265229
 2 1.83353872
 3 1.81422940
 4 1.77939539
 5 1.73694265
 6 1.69263078
 7 1.64986120
 8 1.61052552
 9 1.57554977
10 1.54518367
11 1.51923448
12 1.49727197
13 1.47877898
14 1.46324189
15 1.45019380
16 1.43922941
17 1.43000538
18 1.42223469
19 1.41567883
20 1.41014004
21 1.40545438
22 1.40148571
23 1.39812072
24 1.39526491
25 1.39283926
26 1.39077752
27 1.38902401
28 1.38753187
29 1.38626158
30 1.38517973
31 1.38425806
32 1.38347265
33 1.38280317
34 1.38223241
35 1.38174573
36 1.38133067
37 1.38097665
38 1.38067467
39 1.38041704
40 1.38019724
41 1.38000971
42 1.37984969
43 1.37971314
44 1.37959661
45 1.37949717
46 1.37941231
47 1.37933989
48 1.37927808
49 1.37922533
50 1.37918031
51 1.37914188
52 1.37910908
53 1.37908109
54 1.37905720
55 1.37903681
56 1.37901940
57 1.37900455
58 1.37899187
59 1.37898104
60 1.37897181
61 1.37896392
62 1.37895719
63 1.37895145
64 1.37894655
65 1.37894236
66 1.37893879
67 1.37893574
68 1.37893314
69 1.37893092
70 1.37892902
71 1.37892740
72 1.37892602
73 1.37892484
74 1.37892384
75 1.37892298
76 1.37892224
77 1.37892162
78 1.37892108
79 1.37892063
80 1.37892024
81 1.37891991
82 1.37891962
83 1.37891938
84 1.37891917
85 1.37891900
86 1.37891885
87 1.37891872


 0 2.64322857
 1 1.72107015
 2 1.65078700
 3 1.66702791
 4 1.69077472
 5 1.71201225
 6 1.72946876
 7 1.74375333
 8 1.75553154
 9 1.76539684
10 1.77379596
11 1.78106408
12 1.78744832
13 1.79313233
14 1.79825345
15 1.80291548
16 1.80719759
17 1.81116051
18 1.81485097
19 1.81830503
20 1.82155066
21 1.82460970
22 1.82749955
23 1.83023428
24 1.83282566
25 1.83528375
26 1.83761740
27 1.83983456
28 1.84194250
29 1.84394792
30 1.84585704
31 1.84767566
32 1.84940919
33 1.85106269
34 1.85264085
35 1.85414805
36 1.85558836
37 1.85696554
38 1.85828310
39 1.85954428
40 1.86075210
41 1.86190935
42 1.86301861
43 1.86408230
44 1.86510267
45 1.86608179
46 1.86702161
47 1.86792397
48 1.86879056
49 1.86962299
50 1.87042276
51 1.87119129
52 1.87192992
53 1.87263991
54 1.87332245
55 1.87397868
56 1.87460968
57 1.87521646
58 1.87580001
59 1.87636124
60 1.87690104
61 1.87742026
62 1.87791969
63 1.87840013
64 1.87886229
65 1.87930690
66 1.87973461
67 1.88014610
68 1.88054197
69 1.88092283
70 1.88128925
71 1.88164178
72 1.88198095
73 1.88230727
74 1.88262122
75 1.88292328
76 1.88321389
77 1.88349350
78 1.88376251
79 1.88402133
80 1.88427034
81 1.88450992
82 1.88474043
83 1.88496220
84 1.88517556
85 1.88538084
86 1.88557834
87 1.88576835
88 1.88595116
89 1.88612703
90 1.88629624
91 1.88645904
92 1.88661566
93 1.88676634
94 1.88691130
95 1.88705077
96 1.88718494
97 1.88731403
98 1.88743821
99 1.88755768
100 1.88767262
101 1.88778320
102 1.88788958
103 1.88799192
104 1.88809037
105 1.88818509
106 1.88827621
107 1.88836387
108 1.88844820
109 1.88852933
110 1.88860738
111 1.88868246
112 1.88875469
113 1.88882418
114 1.88889102
115 1.88895533
116 1.88901719
117 1.88907670
118 1.88913396
119 1.88918903
120 1.88924201
121 1.88929298
122 1.88934201
123 1.88938918
124 1.88943455
125 1.88947820
126 1.88952019
127 1.88956059
128 1.88959944
129 1.88963682
130 1.88967278
131 1.88970737
132 1.88974065
133 1.88977266
134 1.88980346
135 1.88983308
136 1.88986158
137 1.88988899
138 1.88991536
139 1.88994072
140 1.88996513
141 1.88998860
142 1.89001118
143 1.89003291
144 1.89005380
145 1.89007390
146 1.89009324
147 1.89011184
148 1.89012973
149 1.89014695
150 1.89016350
151 1.89017943
152 1.89019475
153 1.89020949
154 1.89022367
155 1.89023731
156 1.89025043
157 1.89026305
158 1.89027519
159 1.89028687
160 1.89029811
161 1.89030891
162 1.89031931
163 1.89032931
164 1.89033893
165 1.89034818
166 1.89035708
167 1.89036565
168 1.89037388
169 1.89038181
170 1.89038943
171 1.89039676
172 1.89040382
173 1.89041060
174 1.89041713
175 1.89042341
176 1.89042944
177 1.89043525
178 1.89044084
179 1.89044622
180 1.89045139
181 1.89045636
182 1.89046115
183 1.89046575
184 1.89047018
185 1.89047444
186 1.89047854
187 1.89048248
188 1.89048627
189 1.89048992
190 1.89049342
191 1.89049680
192 1.89050004
193 1.89050317
194 1.89050617
195 1.89050906
196 1.89051184
197 1.89051451
198 1.89051709
199 1.89051956
200 1.89052194
201 1.89052423
202 1.89052643
203 1.89052855
204 1.89053059
205 1.89053255
206 1.89053443
207 1.89053625
208 1.89053799
209 1.89053967
210 1.89054129
211 1.89054284
212 1.89054433
213 1.89054577
214 1.89054715
215 1.89054848
216 1.89054976
217 1.89055099
218 1.89055218
219 1.89055332
220 1.89055441
221 1.89055547
222 1.89055648
223 1.89055745
224 1.89055839
225 1.89055929
226 1.89056016
227 1.89056100
228 1.89056180
229 1.89056257
230 1.89056332
231 1.89056403
232 1.89056472
233 1.89056538
234 1.89056602
235 1.89056663
236 1.89056722
237 1.89056778
238 1.89056833
239 1.89056885
240 1.89056936
241 1.89056984
242 1.89057031
243 1.89057076
244 1.89057119
245 1.89057160
246 1.89057200
247 1.89057239
248 1.89057276
249 1.89057311
250 1.89057345
251 1.89057378
252 1.89057410
253 1.89057440
254 1.89057470
255 1.89057498
256 1.89057525
257 1.89057551
258 1.89057576
259 1.89057600
260 1.89057623
261 1.89057646
262 1.89057667
263 1.89057688
264 1.89057708
265 1.89057727
266 1.89057745


 0 5.68977860
 1 2.80761663
 2 2.36826389
 3 2.25589005
 4 2.21750459
 5 2.20194906
 6 2.19463013
 7 2.19053345
 8 2.18772091
 9 2.18541272
10 2.18329012
11 2.18123128
12 2.17919809
13 2.17718768
14 2.17521048
15 2.17328058
16 2.17141152
17 2.16961468
18 2.16789889
19 2.16627051
20 2.16473370
21 2.16329084
22 2.16194281
23 2.16068935
24 2.15952929
25 2.15846079
26 2.15748148
27 2.15658867
28 2.15577937
29 2.15505047
30 2.15439876
31 2.15382098
32 2.15331390
33 2.15287431
34 2.15249907
35 2.15218513
36 2.15192952
37 2.15172935
38 2.15158189
39 2.15148446
40 2.15143452
41 2.15142965
42 2.15146750
43 2.15154587
44 2.15166262
45 2.15181574
46 2.15200331
47 2.15222348
48 2.15247452
49 2.15275476
50 2.15306262
51 2.15339659
52 2.15375525
53 2.15413722
54 2.15454122
55 2.15496600
56 2.15541038
57 2.15587326
58 2.15635354
59 2.15685023
60 2.15736234
61 2.15788895
62 2.15842918
63 2.15898219
64 2.15954717
65 2.16012335
66 2.16071001
67 2.16130644
68 2.16191197
69 2.16252598
70 2.16314783
71 2.16377697
72 2.16441282
73 2.16505486
74 2.16570258
75 2.16635549
76 2.16701313
77 2.16767505
78 2.16834083
79 2.16901007
80 2.16968237
81 2.17035738
82 2.17103472
83 2.17171407
84 2.17239510
85 2.17307751
86 2.17376099
87 2.17444527
88 2.17513008
89 2.17581516
90 2.17650027
91 2.17718518
92 2.17786965
93 2.17855349
94 2.17923648
95 2.17991844
96 2.18059918
97 2.18127853
98 2.18195632
99 2.18263239
100 2.18330660
101 2.18397879
102 2.18464884
103 2.18531661
104 2.18598199
105 2.18664486
106 2.18730510
107 2.18796262
108 2.18861732
109 2.18926910
110 2.18991787
111 2.19056356
112 2.19120609
113 2.19184538
114 2.19248137
115 2.19311399
116 2.19374317
117 2.19436887
118 2.19499103
119 2.19560961
120 2.19622454
121 2.19683580
122 2.19744335
123 2.19804714
124 2.19864715
125 2.19924334
126 2.19983568
127 2.20042416
128 2.20100874
129 2.20158941
130 2.20216614
131 2.20273893
132 2.20330775
133 2.20387260
134 2.20443346
135 2.20499033
136 2.20554320
137 2.20609206
138 2.20663691
139 2.20717775
140 2.20771458
141 2.20824739
142 2.20877620
143 2.20930099
144 2.20982178
145 2.21033858
146 2.21085138
147 2.21136020
148 2.21186505
149 2.21236593
150 2.21286285
151 2.21335583
152 2.21384488
153 2.21433001
154 2.21481123
155 2.21528856
156 2.21576202
157 2.21623161
158 2.21669736
159 2.21715928
160 2.21761738
161 2.21807170
162 2.21852223
163 2.21896901
164 2.21941205
165 2.21985137
166 2.22028699
167 2.22071894
168 2.22114722
169 2.22157186
170 2.22199288
171 2.22241031
172 2.22282416
173 2.22323446
174 2.22364123
175 2.22404448
176 2.22444425
177 2.22484056
178 2.22523341
179 2.22562285
180 2.22600889
181 2.22639156
182 2.22677087
183 2.22714686
184 2.22751953
185 2.22788893
186 2.22825506
187 2.22861796
188 2.22897765
189 2.22933414
190 2.22968747
191 2.23003766
192 2.23038472
193 2.23072869
194 2.23106958
195 2.23140743
196 2.23174224
197 2.23207405
198 2.23240288
199 2.23272876
200 2.23305169
201 2.23337172
202 2.23368886
203 2.23400313
204 2.23431455
205 2.23462316
206 2.23492897
207 2.23523200
208 2.23553228
209 2.23582983
210 2.23612466
211 2.23641682
212 2.23670630
213 2.23699315
214 2.23727737
215 2.23755900
216 2.23783805
217 2.23811454
218 2.23838849
219 2.23865994
220 2.23892889
221 2.23919537
222 2.23945940
223 2.23972100
224 2.23998020
225 2.24023700
226 2.24049144
227 2.24074353
228 2.24099329
229 2.24124074
230 2.24148591
231 2.24172881
232 2.24196946
233 2.24220789
234 2.24244410
235 2.24267813
236 2.24290998
237 2.24313968
238 2.24336725
239 2.24359271
240 2.24381607
241 2.24403736
242 2.24425658
243 2.24447377
244 2.24468893
245 2.24490209
246 2.24511326
247 2.24532247
248 2.24552972
249 2.24573504
250 2.24593844
251 2.24613994
252 2.24633956
253 2.24653731
254 2.24673322
255 2.24692729
256 2.24711955
257 2.24731000
258 2.24749868
259 2.24768558
260 2.24787074
261 2.24805416
262 2.24823586
263 2.24841585
264 2.24859416
265 2.24877079
266 2.24894577
267 2.24911910
268 2.24929080
269 2.24946089
270 2.24962939
271 2.24979629
272 2.24996163
273 2.25012541
274 2.25028766
275 2.25044837
276 2.25060757
277 2.25076528
278 2.25092149
279 2.25107624
280 2.25122953
281 2.25138137
282 2.25153178
283 2.25168078
284 2.25182836
285 2.25197456
286 2.25211938
287 2.25226282
288 2.25240492
289 2.25254567
290 2.25268510
291 2.25282320
292 2.25296001
293 2.25309552
294 2.25322974
295 2.25336270
296 2.25349441
297 2.25362486
298 2.25375409
299 2.25388209
300 2.25400888
301 2.25413447
302 2.25425887
303 2.25438209
304 2.25450415
305 2.25462505
306 2.25474481
307 2.25486343
308 2.25498092
309 2.25509731
310 2.25521259
311 2.25532678
312 2.25543988
313 2.25555191
314 2.25566289
315 2.25577280
316 2.25588168
317 2.25598952
318 2.25609634
319 2.25620215
320 2.25630695
321 2.25641075
322 2.25651357
323 2.25661542
324 2.25671630
325 2.25681622
326 2.25691519
327 2.25701322
328 2.25711032
329 2.25720649
330 2.25730175
331 2.25739611
332 2.25748957
333 2.25758214
334 2.25767383
335 2.25776465
336 2.25785461
337 2.25794371
338 2.25803196
339 2.25811938
340 2.25820596
341 2.25829172
342 2.25837666
343 2.25846079
344 2.25854412
345 2.25862666
346 2.25870842
347 2.25878939
348 2.25886960
349 2.25894904
350 2.25902772
351 2.25910566
352 2.25918285
353 2.25925931
354 2.25933504
355 2.25941005
356 2.25948434
357 2.25955792
358 2.25963081
359 2.25970300
360 2.25977450
361 2.25984532
362 2.25991546
363 2.25998494
364 2.26005375
365 2.26012191
366 2.26018942
367 2.26025628
368 2.26032251
369 2.26038810
370 2.26045307
371 2.26051742
372 2.26058115
373 2.26064428
374 2.26070680
375 2.26076873
376 2.26083007
377 2.26089082
378 2.26095099
379 2.26101059
380 2.26106962
381 2.26112808
382 2.26118599
383 2.26124335
384 2.26130015
385 2.26135642
386 2.26141214
387 2.26146734
388 2.26152201
389 2.26157615
390 2.26162978
391 2.26168290
392 2.26173550
393 2.26178761
394 2.26183922
395 2.26189034
396 2.26194096
397 2.26199111
398 2.26204077
399 2.26208996
400 2.26213868
401 2.26218693
402 2.26223473
403 2.26228206
404 2.26232894
405 2.26237538
406 2.26242137
407 2.26246692
408 2.26251204
409 2.26255672
410 2.26260098
411 2.26264482
412 2.26268823
413 2.26273123
414 2.26277382
415 2.26281600
416 2.26285778
417 2.26289916
418 2.26294014
419 2.26298073
420 2.26302094
421 2.26306075
422 2.26310019
423 2.26313925
424 2.26317794
425 2.26321625
426 2.26325420
427 2.26329179
428 2.26332902
429 2.26336589
430 2.26340240
431 2.26343857
432 2.26347439
433 2.26350987
434 2.26354501
435 2.26357981
436 2.26361429
437 2.26364843
438 2.26368224
439 2.26371573
440 2.26374890
441 2.26378175
442 2.26381429
443 2.26384651
444 2.26387843
445 2.26391004
446 2.26394135
447 2.26397236
448 2.26400307
449 2.26403349
450 2.26406361
451 2.26409345
452 2.26412300
453 2.26415227
454 2.26418126
455 2.26420997
456 2.26423841
457 2.26426657
458 2.26429447
459 2.26432210
460 2.26434946
461 2.26437656
462 2.26440340
463 2.26442998
464 2.26445631
465 2.26448239
466 2.26450821
467 2.26453379
468 2.26455913
469 2.26458422
470 2.26460907
471 2.26463368
472 2.26465806
473 2.26468220
474 2.26470612
475 2.26472980
476 2.26475326
477 2.26477649
478 2.26479949
479 2.26482228
480 2.26484485
481 2.26486721
482 2.26488935
483 2.26491127
484 2.26493299
485 2.26495450
486 2.26497580
487 2.26499690
488 2.26501779
489 2.26503849
490 2.26505899
491 2.26507929
492 2.26509939
493 2.26511931
494 2.26513903
495 2.26515856
496 2.26517791
497 2.26519707
498 2.26521605
499 2.26523484
500 2.26525346
501 2.26527189
502 2.26529015
503 2.26530824
504 2.26532615
505 2.26534389
506 2.26536146
507 2.26537886
508 2.26539609
509 2.26541316
510 2.26543007
511 2.26544681
512 2.26546339
513 2.26547981
514 2.26549608
515 2.26551219
516 2.26552814
517 2.26554395
518 2.26555960
519 2.26557510
520 2.26559045
521 2.26560565
522 2.26562071
523 2.26563563
524 2.26565040
525 2.26566503
526 2.26567952
527 2.26569387
528 2.26570808
529 2.26572215
530 2.26573610
531 2.26574990
532 2.26576358
533 2.26577712
534 2.26579054
535 2.26580382
536 2.26581698
537 2.26583001
538 2.26584292
539 2.26585570
540 2.26586836
541 2.26588090
542 2.26589332
543 2.26590561
544 2.26591780
545 2.26592986
546 2.26594181
547 2.26595364
548 2.26596536
549 2.26597697
550 2.26598847
551 2.26599985
552 2.26601113
553 2.26602230
554 2.26603336
555 2.26604431
556 2.26605516
557 2.26606591
558 2.26607655
559 2.26608709
560 2.26609753
561 2.26610787
562 2.26611811
563 2.26612825
564 2.26613830
565 2.26614825
566 2.26615810
567 2.26616786
568 2.26617752
569 2.26618709
570 2.26619657
571 2.26620596
572 2.26621526
573 2.26622447
574 2.26623359
575 2.26624263
576 2.26625157
577 2.26626043
578 2.26626921
579 2.26627790
580 2.26628651
581 2.26629504
582 2.26630348
583 2.26631184
584 2.26632012
585 2.26632833
586 2.26633645
587 2.26634450
588 2.26635247
589 2.26636036
590 2.26636818
591 2.26637592
592 2.26638359
593 2.26639118
594 2.26639870
595 2.26640615
596 2.26641353
597 2.26642083
598 2.26642807
599 2.26643524
600 2.26644233
601 2.26644936
602 2.26645633
603 2.26646322
604 2.26647005
605 2.26647681
606 2.26648351
607 2.26649015
608 2.26649672
609 2.26650323
610 2.26650967
611 2.26651606
612 2.26652238
613 2.26652864
614 2.26653484
615 2.26654098
616 2.26654706
617 2.26655309
618 2.26655906
619 2.26656496
620 2.26657082
621 2.26657661
622 2.26658235
623 2.26658804
624 2.26659367
625 2.26659925
626 2.26660477
627 2.26661024
628 2.26661566
629 2.26662102
630 2.26662634
631 2.26663160
632 2.26663681
633 2.26664198
634 2.26664709
635 2.26665215
636 2.26665717
637 2.26666214
638 2.26666706
639 2.26667193
640 2.26667675
641 2.26668153
642 2.26668627
643 2.26669095
644 2.26669560
645 2.26670019
646 2.26670475
647 2.26670926
648 2.26671373
649 2.26671815
650 2.26672253
651 2.26672687
652 2.26673117
653 2.26673543
654 2.26673964
655 2.26674382
656 2.26674795
657 2.26675205
658 2.26675610
659 2.26676012
660 2.26676410
661 2.26676804
662 2.26677194
663 2.26677581
664 2.26677963
665 2.26678343
666 2.26678718
667 2.26679090
668 2.26679458
669 2.26679823
670 2.26680184
671 2.26680542
672 2.26680896
673 2.26681247
674 2.26681595
675 2.26681939
676 2.26682280
677 2.26682618
678 2.26682952
679 2.26683283
680 2.26683611
681 2.26683936
682 2.26684258
683 2.26684577
684 2.26684892
685 2.26685205
686 2.26685514
687 2.26685821
688 2.26686125
689 2.26686425
690 2.26686723
691 2.26687018
692 2.26687310
693 2.26687600
694 2.26687886
695 2.26688170
696 2.26688451
697 2.26688729
698 2.26689005
699 2.26689278
700 2.26689549
701 2.26689817
702 2.26690082
703 2.26690345
704 2.26690605
705 2.26690862
706 2.26691118
707 2.26691370
708 2.26691621
709 2.26691869
710 2.26692114
711 2.26692358
712 2.26692598
713 2.26692837
714 2.26693073
715 2.26693307
716 2.26693539
717 2.26693769
718 2.26693996
719 2.26694221
720 2.26694444
721 2.26694665
722 2.26694883
723 2.26695100
724 2.26695315
725 2.26695527
726 2.26695738
727 2.26695946
728 2.26696152
729 2.26696357
730 2.26696559
731 2.26696760
732 2.26696958
733 2.26697155
734 2.26697350
735 2.26697543
736 2.26697734
737 2.26697923
738 2.26698110
739 2.26698296
740 2.26698480
741 2.26698662
742 2.26698842
743 2.26699021
744 2.26699198
745 2.26699373
746 2.26699546
747 2.26699718
748 2.26699888
749 2.26700057
750 2.26700224
751 2.26700389
752 2.26700553
753 2.26700715
754 2.26700876
755 2.26701035
756 2.26701192
757 2.26701348
758 2.26701503
759 2.26701656
760 2.26701807
761 2.26701957
762 2.26702106
763 2.26702253
764 2.26702399
765 2.26702543
766 2.26702686
767 2.26702828
768 2.26702968
769 2.26703107
770 2.26703245
771 2.26703381
772 2.26703516
773 2.26703650
774 2.26703782
775 2.26703913
776 2.26704043
777 2.26704172
778 2.26704299
779 2.26704426
780 2.26704550
781 2.26704674
782 2.26704797
783 2.26704918
784 2.26705038
785 2.26705157
786 2.26705275
787 2.26705392
788 2.26705508
789 2.26705622
790 2.26705736
791 2.26705848
792 2.26705959
793 2.26706070
794 2.26706179
795 2.26706287
796 2.26706394
797 2.26706500
798 2.26706605
799 2.26706709
800 2.26706812
801 2.26706914
802 2.26707015
803 2.26707115
804 2.26707214
805 2.26707313
806 2.26707410
807 2.26707506
808 2.26707601
809 2.26707696
810 2.26707789
811 2.26707882
812 2.26707974
813 2.26708065
814 2.26708155
815 2.26708244
816 2.26708332
817 2.26708419
818 2.26708506
819 2.26708592
820 2.26708677
821 2.26708761
822 2.26708844
823 2.26708927
824 2.26709008
825 2.26709089
826 2.26709169
827 2.26709249
828 2.26709327
829 2.26709405
830 2.26709482
831 2.26709559
832 2.26709634
833 2.26709709
834 2.26709783
835 2.26709857
836 2.26709930
837 2.26710002
838 2.26710073
839 2.26710144
840 2.26710214
841 2.26710283
842 2.26710352
843 2.26710420
844 2.26710487
845 2.26710554
846 2.26710620
847 2.26710686
848 2.26710750
849 2.26710815
850 2.26710878
851 2.26710941
852 2.26711003
853 2.26711065
854 2.26711126
855 2.26711187
856 2.26711247
857 2.26711306
858 2.26711365
859 2.26711424
860 2.26711481
861 2.26711538
862 2.26711595
863 2.26711651
864 2.26711707
865 2.26711762
866 2.26711816
867 2.26711870
868 2.26711924
869 2.26711976
870 2.26712029
871 2.26712081
872 2.26712132
873 2.26712183
874 2.26712234
875 2.26712283
876 2.26712333
877 2.26712382
878 2.26712430
879 2.26712478
880 2.26712526
881 2.26712573
882 2.26712620
883 2.26712666
884 2.26712712
885 2.26712757
886 2.26712802
887 2.26712847
888 2.26712891
889 2.26712934
890 2.26712978
891 2.26713020
892 2.26713063
893 2.26713105
894 2.26713146
895 2.26713187
896 2.26713228
897 2.26713269
898 2.26713309
899 2.26713348
900 2.26713387
901 2.26713426
902 2.26713465
903 2.26713503
904 2.26713541
905 2.26713578
906 2.26713615
907 2.26713652
908 2.26713688
909 2.26713724
910 2.26713760
911 2.26713795
912 2.26713830
913 2.26713865
914 2.26713899
915 2.26713933
916 2.26713966
917 2.26714000
918 2.26714033
919 2.26714065
920 2.26714098
921 2.26714130
922 2.26714161
923 2.26714193
924 2.26714224
925 2.26714255
926 2.26714285
927 2.26714316
928 2.26714345
929 2.26714375
930 2.26714404
931 2.26714434
932 2.26714462
933 2.26714491
934 2.26714519
935 2.26714547
936 2.26714575
937 2.26714602
938 2.26714629
939 2.26714656
940 2.26714683
941 2.26714709
942 2.26714736
943 2.26714762
944 2.26714787
945 2.26714813
946 2.26714838
947 2.26714863
948 2.26714887
949 2.26714912
950 2.26714936
951 2.26714960
952 2.26714984
953 2.26715007
954 2.26715031
955 2.26715054
956 2.26715077
957 2.26715099


 0 11.69947158
 1 4.66694734
 2 3.46124273
 3 3.09073598
 4 2.93421728
 5 2.85419081
 6 2.80723475
 7 2.77642713
 8 2.75423384
 9 2.73697636
10 2.72272903
11 2.71042648
12 2.69945102
13 2.68942970
14 2.68012877
15 2.67139655
16 2.66313120
17 2.65526199
18 2.64773816
19 2.64052204
20 2.63358472
21 2.62690335
22 2.62045934
23 2.61423713
24 2.60822343
25 2.60240664
26 2.59677650
27 2.59132377
28 2.58604005
29 2.58091766
30 2.57594949
31 2.57112895
32 2.56644988
33 2.56190652
34 2.55749346
35 2.55320559
36 2.54903809
37 2.54498642
38 2.54104627
39 2.53721354
40 2.53348435
41 2.52985501
42 2.52632201
43 2.52288201
44 2.51953182
45 2.51626841
46 2.51308887
47 2.50999044
48 2.50697048
49 2.50402645
50 2.50115593
51 2.49835662
52 2.49562629
53 2.49296281
54 2.49036416
55 2.48782838
56 2.48535359
57 2.48293800
58 2.48057987
59 2.47827755
60 2.47602943
61 2.47383399
62 2.47168974
63 2.46959526
64 2.46754919
65 2.46555020
66 2.46359701
67 2.46168841
68 2.45982321
69 2.45800028
70 2.45621850
71 2.45447681
72 2.45277419
73 2.45110965
74 2.44948223
75 2.44789099
76 2.44633504
77 2.44481352
78 2.44332558
79 2.44187040
80 2.44044721
81 2.43905524
82 2.43769375
83 2.43636202
84 2.43505935
85 2.43378508
86 2.43253855
87 2.43131913
88 2.43012619
89 2.42895915
90 2.42781741
91 2.42670043
92 2.42560764
93 2.42453852
94 2.42349255
95 2.42246922
96 2.42146806
97 2.42048857
98 2.41953030
99 2.41859279
100 2.41767562
101 2.41677834
102 2.41590056
103 2.41504185
104 2.41420183
105 2.41338010
106 2.41257631
107 2.41179008
108 2.41102105
109 2.41026889
110 2.40953324
111 2.40881379
112 2.40811020
113 2.40742217
114 2.40674939
115 2.40609156
116 2.40544839
117 2.40481959
118 2.40420488
119 2.40360400
120 2.40301667
121 2.40244265
122 2.40188166
123 2.40133348
124 2.40079785
125 2.40027454
126 2.39976333
127 2.39926397
128 2.39877625
129 2.39829997
130 2.39783489
131 2.39738083
132 2.39693758
133 2.39650493
134 2.39608270
135 2.39567070
136 2.39526873
137 2.39487663
138 2.39449422
139 2.39412131
140 2.39375775
141 2.39340336
142 2.39305798
143 2.39272145
144 2.39239362
145 2.39207433
146 2.39176344
147 2.39146079
148 2.39116624
149 2.39087966
150 2.39060090
151 2.39032983
152 2.39006631
153 2.38981022
154 2.38956143
155 2.38931981
156 2.38908524
157 2.38885761
158 2.38863679
159 2.38842266
160 2.38821512
161 2.38801406
162 2.38781936
163 2.38763092
164 2.38744863
165 2.38727240
166 2.38710211
167 2.38693768
168 2.38677900
169 2.38662598
170 2.38647853
171 2.38633655
172 2.38619995
173 2.38606865
174 2.38594256
175 2.38582159
176 2.38570566
177 2.38559469
178 2.38548860
179 2.38538731
180 2.38529073
181 2.38519880
182 2.38511144
183 2.38502858
184 2.38495014
185 2.38487605
186 2.38480625
187 2.38474065
188 2.38467921
189 2.38462185
190 2.38456850
191 2.38451910
192 2.38447359
193 2.38443191
194 2.38439400
195 2.38435979
196 2.38432923
197 2.38430226
198 2.38427883
199 2.38425887
200 2.38424234
201 2.38422918
202 2.38421933
203 2.38421275
204 2.38420939
205 2.38420919


 0 23.64727076
 1 7.93624178
 2 5.12514782
 3 4.21321261
 4 3.81117943
 5 3.60002658
 6 3.47515029
 7 3.39426344
 8 3.33782642
 9 3.29592380
10 3.26315444
11 3.23640458
12 3.21379251
13 3.19413431
14 3.17665838
15 3.16084576
16 3.14633731
17 3.13287795
18 3.12028205
19 3.10841143
20 3.09716106
21 3.08644951
22 3.07621246
23 3.06639822
24 3.05696458
25 3.04787655
26 3.03910475
27 3.03062416
28 3.02241327
29 3.01445334
30 3.00672796
31 2.99922259
32 2.99192426
33 2.98482131
34 2.97790323
35 2.97116045
36 2.96458425
37 2.95816663
38 2.95190021
39 2.94577819
40 2.93979426
41 2.93394255
42 2.92821760
43 2.92261429
44 2.91712783
45 2.91175375
46 2.90648782
47 2.90132605
48 2.89626472
49 2.89130026
50 2.88642932
51 2.88164875
52 2.87695552
53 2.87234677
54 2.86781979
55 2.86337199
56 2.85900092
57 2.85470422
58 2.85047966
59 2.84632509
60 2.84223848
61 2.83821787
62 2.83426140
63 2.83036726
64 2.82653375
65 2.82275921
66 2.81904208
67 2.81538083
68 2.81177400
69 2.80822020
70 2.80471808
71 2.80126634
72 2.79786374
73 2.79450908
74 2.79120119
75 2.78793896
76 2.78472131
77 2.78154721
78 2.77841565
79 2.77532566
80 2.77227631
81 2.76926669
82 2.76629593
83 2.76336317
84 2.76046761
85 2.75760844
86 2.75478491
87 2.75199626
88 2.74924177
89 2.74652076
90 2.74383253
91 2.74117644
92 2.73855185
93 2.73595813
94 2.73339469
95 2.73086094
96 2.72835632
97 2.72588027
98 2.72343227
99 2.72101178
100 2.71861831
101 2.71625136
102 2.71391046
103 2.71159514
104 2.70930494
105 2.70703942
106 2.70479815
107 2.70258072
108 2.70038671
109 2.69821573
110 2.69606739
111 2.69394131
112 2.69183713
113 2.68975448
114 2.68769301
115 2.68565237
116 2.68363225
117 2.68163230
118 2.67965222
119 2.67769168
120 2.67575039
121 2.67382805
122 2.67192436
123 2.67003906
124 2.66817185
125 2.66632246
126 2.66449064
127 2.66267612
128 2.66087866
129 2.65909799
130 2.65733388
131 2.65558610
132 2.65385440
133 2.65213857
134 2.65043838
135 2.64875361
136 2.64708404
137 2.64542948
138 2.64378971
139 2.64216453
140 2.64055375
141 2.63895717
142 2.63737461
143 2.63580588
144 2.63425079
145 2.63270918
146 2.63118086
147 2.62966566
148 2.62816342
149 2.62667397
150 2.62519715
151 2.62373280
152 2.62228076
153 2.62084088
154 2.61941302
155 2.61799702
156 2.61659274
157 2.61520003
158 2.61381876
159 2.61244880
160 2.61108999
161 2.60974223
162 2.60840536
163 2.60707927
164 2.60576383
165 2.60445891
166 2.60316440
167 2.60188018
168 2.60060612
169 2.59934212
170 2.59808806
171 2.59684382
172 2.59560931
173 2.59438440
174 2.59316900
175 2.59196300
176 2.59076630
177 2.58957879
178 2.58840038
179 2.58723097
180 2.58607046
181 2.58491876
182 2.58377578
183 2.58264141
184 2.58151558
185 2.58039820
186 2.57928916
187 2.57818840
188 2.57709582
189 2.57601134
190 2.57493488
191 2.57386635
192 2.57280568
193 2.57175278
194 2.57070759
195 2.56967002
196 2.56863999
197 2.56761743
198 2.56660228
199 2.56559445
200 2.56459388
201 2.56360049
202 2.56261421
203 2.56163499
204 2.56066274
205 2.55969740
206 2.55873892
207 2.55778721
208 2.55684223
209 2.55590390
210 2.55497217
211 2.55404697
212 2.55312824
213 2.55221592
214 2.55130996
215 2.55041029
216 2.54951686
217 2.54862962
218 2.54774850
219 2.54687345
220 2.54600442
221 2.54514136
222 2.54428420
223 2.54343290
224 2.54258741
225 2.54174767
226 2.54091364
227 2.54008527
228 2.53926250
229 2.53844529
230 2.53763359
231 2.53682735
232 2.53602653
233 2.53523107
234 2.53444095
235 2.53365610
236 2.53287649
237 2.53210207
238 2.53133279
239 2.53056863
240 2.52980952
241 2.52905543
242 2.52830633
243 2.52756216
244 2.52682289
245 2.52608848
246 2.52535889
247 2.52463407
248 2.52391400
249 2.52319863
250 2.52248792
251 2.52178185
252 2.52108036
253 2.52038343
254 2.51969102
255 2.51900309
256 2.51831960
257 2.51764053
258 2.51696584
259 2.51629550
260 2.51562946
261 2.51496770
262 2.51431018
263 2.51365688
264 2.51300776
265 2.51236278
266 2.51172192
267 2.51108514
268 2.51045242
269 2.50982372
270 2.50919902
271 2.50857828
272 2.50796147
273 2.50734856
274 2.50673953
275 2.50613435
276 2.50553298
277 2.50493541
278 2.50434160
279 2.50375152
280 2.50316515
281 2.50258246
282 2.50200342
283 2.50142801
284 2.50085620
285 2.50028797
286 2.49972329
287 2.49916213
288 2.49860447
289 2.49805028
290 2.49749955
291 2.49695224
292 2.49640833
293 2.49586779
294 2.49533062
295 2.49479677
296 2.49426622
297 2.49373897
298 2.49321497
299 2.49269421
300 2.49217666
301 2.49166231
302 2.49115114
303 2.49064311
304 2.49013821
305 2.48963642
306 2.48913771
307 2.48864207
308 2.48814948
309 2.48765991
310 2.48717334
311 2.48668976
312 2.48620914
313 2.48573146
314 2.48525671
315 2.48478486
316 2.48431590
317 2.48384980
318 2.48338656
319 2.48292614
320 2.48246853
321 2.48201371
322 2.48156167
323 2.48111238
324 2.48066583
325 2.48022200
326 2.47978087
327 2.47934243
328 2.47890665
329 2.47847353
330 2.47804304
331 2.47761516
332 2.47718988
333 2.47676719
334 2.47634707
335 2.47592949
336 2.47551445
337 2.47510193
338 2.47469191
339 2.47428437
340 2.47387931
341 2.47347671
342 2.47307654
343 2.47267880
344 2.47228347
345 2.47189054
346 2.47149998
347 2.47111179
348 2.47072596
349 2.47034245
350 2.46996128
351 2.46958240
352 2.46920583
353 2.46883153
354 2.46845950
355 2.46808972
356 2.46772218
357 2.46735687
358 2.46699376
359 2.46663286
360 2.46627414
361 2.46591759
362 2.46556320
363 2.46521096
364 2.46486085
365 2.46451286
366 2.46416698
367 2.46382320
368 2.46348149
369 2.46314186
370 2.46280429
371 2.46246876
372 2.46213527
373 2.46180380
374 2.46147434
375 2.46114688
376 2.46082141
377 2.46049791
378 2.46017637
379 2.45985679
380 2.45953915
381 2.45922344
382 2.45890965
383 2.45859777
384 2.45828778
385 2.45797968
386 2.45767346
387 2.45736910
388 2.45706659
389 2.45676593
390 2.45646710
391 2.45617010
392 2.45587490
393 2.45558151
394 2.45528991
395 2.45500009
396 2.45471204
397 2.45442575
398 2.45414122
399 2.45385842
400 2.45357736
401 2.45329803
402 2.45302040
403 2.45274448
404 2.45247025
405 2.45219771
406 2.45192684
407 2.45165763
408 2.45139009
409 2.45112419
410 2.45085993
411 2.45059730
412 2.45033629
413 2.45007689
414 2.44981909
415 2.44956289
416 2.44930828
417 2.44905524
418 2.44880377
419 2.44855385
420 2.44830549
421 2.44805868
422 2.44781339
423 2.44756964
424 2.44732740
425 2.44708667
426 2.44684744
427 2.44660971
428 2.44637346
429 2.44613869
430 2.44590539
431 2.44567355
432 2.44544316
433 2.44521422
434 2.44498673
435 2.44476066
436 2.44453601
437 2.44431278
438 2.44409096
439 2.44387054
440 2.44365152
441 2.44343388
442 2.44321762
443 2.44300273
444 2.44278921
445 2.44257704
446 2.44236623
447 2.44215676
448 2.44194862
449 2.44174182
450 2.44153633
451 2.44133216
452 2.44112931
453 2.44092775
454 2.44072749
455 2.44052852
456 2.44033083
457 2.44013441
458 2.43993927
459 2.43974538
460 2.43955276
461 2.43936138
462 2.43917124
463 2.43898234
464 2.43879468
465 2.43860823
466 2.43842301
467 2.43823899
468 2.43805619
469 2.43787458
470 2.43769416
471 2.43751494
472 2.43733689
473 2.43716002
474 2.43698432
475 2.43680978
476 2.43663640
477 2.43646417
478 2.43629309
479 2.43612315
480 2.43595434
481 2.43578666
482 2.43562011
483 2.43545467
484 2.43529035
485 2.43512713
486 2.43496501
487 2.43480399
488 2.43464406
489 2.43448522
490 2.43432745
491 2.43417076
492 2.43401514
493 2.43386058
494 2.43370708
495 2.43355463
496 2.43340323
497 2.43325288
498 2.43310356
499 2.43295527
500 2.43280801
501 2.43266178
502 2.43251656
503 2.43237235
504 2.43222915
505 2.43208696
506 2.43194576
507 2.43180556
508 2.43166634
509 2.43152811
510 2.43139086
511 2.43125458
512 2.43111927
513 2.43098492
514 2.43085153
515 2.43071910
516 2.43058762
517 2.43045709
518 2.43032750
519 2.43019884
520 2.43007112
521 2.42994432
522 2.42981845
523 2.42969350
524 2.42956947
525 2.42944634
526 2.42932412
527 2.42920280
528 2.42908238
529 2.42896285
530 2.42884422
531 2.42872646
532 2.42860959
533 2.42849360
534 2.42837847
535 2.42826422
536 2.42815083
537 2.42803829
538 2.42792662
539 2.42781580
540 2.42770582
541 2.42759669
542 2.42748840
543 2.42738094
544 2.42727432
545 2.42716852
546 2.42706355
547 2.42695940
548 2.42685607
549 2.42675355
550 2.42665184
551 2.42655094
552 2.42645083
553 2.42635152
554 2.42625301
555 2.42615529
556 2.42605836
557 2.42596220
558 2.42586683
559 2.42577224
560 2.42567841
561 2.42558536
562 2.42549307
563 2.42540154
564 2.42531077
565 2.42522076
566 2.42513149
567 2.42504298
568 2.42495520
569 2.42486817
570 2.42478188
571 2.42469632
572 2.42461149
573 2.42452739
574 2.42444402
575 2.42436136
576 2.42427942
577 2.42419820
578 2.42411769
579 2.42403788
580 2.42395878
581 2.42388038
582 2.42380268
583 2.42372568
584 2.42364937
585 2.42357374
586 2.42349880
587 2.42342454
588 2.42335097
589 2.42327807
590 2.42320584
591 2.42313428
592 2.42306339
593 2.42299317
594 2.42292360
595 2.42285470
596 2.42278645
597 2.42271885
598 2.42265190
599 2.42258560
600 2.42251994
601 2.42245492
602 2.42239054
603 2.42232680
604 2.42226369
605 2.42220121
606 2.42213935
607 2.42207812
608 2.42201751
609 2.42195751
610 2.42189814
611 2.42183937
612 2.42178122
613 2.42172367
614 2.42166673
615 2.42161039
616 2.42155465
617 2.42149950
618 2.42144495
619 2.42139100
620 2.42133763
621 2.42128484
622 2.42123264
623 2.42118103
624 2.42112999
625 2.42107952
626 2.42102963
627 2.42098031
628 2.42093156
629 2.42088337
630 2.42083575
631 2.42078869
632 2.42074219
633 2.42069624
634 2.42065085
635 2.42060601
636 2.42056171
637 2.42051797
638 2.42047477
639 2.42043211
640 2.42038998
641 2.42034840
642 2.42030735
643 2.42026683
644 2.42022684
645 2.42018738
646 2.42014845
647 2.42011004
648 2.42007215
649 2.42003477
650 2.41999792
651 2.41996158
652 2.41992575
653 2.41989043
654 2.41985561
655 2.41982131
656 2.41978750
657 2.41975420
658 2.41972139
659 2.41968908
660 2.41965727
661 2.41962595
662 2.41959512
663 2.41956477
664 2.41953491
665 2.41950554
666 2.41947665
667 2.41944824
668 2.41942030
669 2.41939284
670 2.41936586
671 2.41933935
672 2.41931330
673 2.41928772
674 2.41926261
675 2.41923797
676 2.41921378
677 2.41919005
678 2.41916679
679 2.41914397
680 2.41912161
681 2.41909971
682 2.41907825
683 2.41905724
684 2.41903668
685 2.41901656
686 2.41899688
687 2.41897764
688 2.41895885
689 2.41894048
690 2.41892256
691 2.41890506
692 2.41888800
693 2.41887137
694 2.41885516
695 2.41883938
696 2.41882403
697 2.41880909
698 2.41879458
699 2.41878049
700 2.41876681
701 2.41875354
702 2.41874069
703 2.41872826
704 2.41871623
705 2.41870461
706 2.41869339
707 2.41868258
708 2.41867218
709 2.41866217
710 2.41865257
711 2.41864336
712 2.41863455
713 2.41862613
714 2.41861811
715 2.41861047
716 2.41860323
717 2.41859637
718 2.41858990
719 2.41858382
720 2.41857812
721 2.41857280
722 2.41856786
723 2.41856330
724 2.41855911
725 2.41855531
726 2.41855187
727 2.41854881
728 2.41854611
729 2.41854379
730 2.41854183
731 2.41854024
732 2.41853901
733 2.41853815
734 2.41853765
735 2.41853751


